# Athena++ data at time=1.000000e-01  cycle=487  variables=prim 
# i       x1v         rho          press          vel1         vel2         vel3         Bcc1         Bcc2         Bcc3     
0002 -4.99023e-01  1.00000e+00  1.00000e+00  0.00000e+00  0.00000e+00  0.00000e+00  7.50000e-01  1.00000e+00  0.00000e+00
0003 -4.97070e-01  1.00000e+00  1.00000e+00  0.00000e+00  0.00000e+00  0.00000e+00  7.50000e-01  1.00000e+00  0.00000e+00
0004 -4.95117e-01  1.00000e+00  1.00000e+00  0.00000e+00  0.00000e+00  0.00000e+00  7.50000e-01  1.00000e+00  0.00000e+00
0005 -4.93164e-01  1.00000e+00  1.00000e+00  0.00000e+00  0.00000e+00  0.00000e+00  7.50000e-01  1.00000e+00  0.00000e+00
0006 -4.91211e-01  1.00000e+00  1.00000e+00  0.00000e+00  0.00000e+00  0.00000e+00  7.50000e-01  1.00000e+00  0.00000e+00
0007 -4.89258e-01  1.00000e+00  1.00000e+00  0.00000e+00  0.00000e+00  0.00000e+00  7.50000e-01  1.00000e+00  0.00000e+00
0008 -4.87305e-01  1.00000e+00  1.00000e+00  0.00000e+00  0.00000e+00  0.00000e+00  7.50000e-01  1.00000e+00  0.00000e+00
0009 -4.85352e-01  1.00000e+00  1.00000e+00  0.00000e+00  0.00000e+00  0.00000e+00  7.50000e-01  1.00000e+00  0.00000e+00
0010 -4.83398e-01  1.00000e+00  1.00000e+00  0.00000e+00  0.00000e+00  0.00000e+00  7.50000e-01  1.00000e+00  0.00000e+00
0011 -4.81445e-01  1.00000e+00  1.00000e+00  0.00000e+00  0.00000e+00  0.00000e+00  7.50000e-01  1.00000e+00  0.00000e+00
0012 -4.79492e-01  1.00000e+00  1.00000e+00  0.00000e+00  0.00000e+00  0.00000e+00  7.50000e-01  1.00000e+00  0.00000e+00
0013 -4.77539e-01  1.00000e+00  1.00000e+00  0.00000e+00  0.00000e+00  0.00000e+00  7.50000e-01  1.00000e+00  0.00000e+00
0014 -4.75586e-01  1.00000e+00  1.00000e+00  0.00000e+00  0.00000e+00  0.00000e+00  7.50000e-01  1.00000e+00  0.00000e+00
0015 -4.73633e-01  1.00000e+00  1.00000e+00  0.00000e+00  0.00000e+00  0.00000e+00  7.50000e-01  1.00000e+00  0.00000e+00
0016 -4.71680e-01  1.00000e+00  1.00000e+00  0.00000e+00  0.00000e+00  0.00000e+00  7.50000e-01  1.00000e+00  0.00000e+00
0017 -4.69727e-01  1.00000e+00  1.00000e+00  0.00000e+00  0.00000e+00  0.00000e+00  7.50000e-01  1.00000e+00  0.00000e+00
0018 -4.67773e-01  1.00000e+00  1.00000e+00  0.00000e+00  0.00000e+00  0.00000e+00  7.50000e-01  1.00000e+00  0.00000e+00
0019 -4.65820e-01  1.00000e+00  1.00000e+00  0.00000e+00  0.00000e+00  0.00000e+00  7.50000e-01  1.00000e+00  0.00000e+00
0020 -4.63867e-01  1.00000e+00  1.00000e+00  0.00000e+00  0.00000e+00  0.00000e+00  7.50000e-01  1.00000e+00  0.00000e+00
0021 -4.61914e-01  1.00000e+00  1.00000e+00  0.00000e+00  0.00000e+00  0.00000e+00  7.50000e-01  1.00000e+00  0.00000e+00
0022 -4.59961e-01  1.00000e+00  1.00000e+00  0.00000e+00  0.00000e+00  0.00000e+00  7.50000e-01  1.00000e+00  0.00000e+00
0023 -4.58008e-01  1.00000e+00  1.00000e+00  0.00000e+00  0.00000e+00  0.00000e+00  7.50000e-01  1.00000e+00  0.00000e+00
0024 -4.56055e-01  1.00000e+00  1.00000e+00  0.00000e+00  0.00000e+00  0.00000e+00  7.50000e-01  1.00000e+00  0.00000e+00
0025 -4.54102e-01  1.00000e+00  1.00000e+00  0.00000e+00  0.00000e+00  0.00000e+00  7.50000e-01  1.00000e+00  0.00000e+00
0026 -4.52148e-01  1.00000e+00  1.00000e+00  0.00000e+00  0.00000e+00  0.00000e+00  7.50000e-01  1.00000e+00  0.00000e+00
0027 -4.50195e-01  1.00000e+00  1.00000e+00  0.00000e+00  0.00000e+00  0.00000e+00  7.50000e-01  1.00000e+00  0.00000e+00
0028 -4.48242e-01  1.00000e+00  1.00000e+00  0.00000e+00  0.00000e+00  0.00000e+00  7.50000e-01  1.00000e+00  0.00000e+00
0029 -4.46289e-01  1.00000e+00  1.00000e+00  0.00000e+00  0.00000e+00  0.00000e+00  7.50000e-01  1.00000e+00  0.00000e+00
0030 -4.44336e-01  1.00000e+00  1.00000e+00  0.00000e+00  0.00000e+00  0.00000e+00  7.50000e-01  1.00000e+00  0.00000e+00
0031 -4.42383e-01  1.00000e+00  1.00000e+00  0.00000e+00  0.00000e+00  0.00000e+00  7.50000e-01  1.00000e+00  0.00000e+00
0032 -4.40430e-01  1.00000e+00  1.00000e+00  0.00000e+00  0.00000e+00  0.00000e+00  7.50000e-01  1.00000e+00  0.00000e+00
0033 -4.38477e-01  1.00000e+00  1.00000e+00  0.00000e+00  0.00000e+00  0.00000e+00  7.50000e-01  1.00000e+00  0.00000e+00
0034 -4.36523e-01  1.00000e+00  1.00000e+00  0.00000e+00  0.00000e+00  0.00000e+00  7.50000e-01  1.00000e+00  0.00000e+00
0035 -4.34570e-01  1.00000e+00  1.00000e+00  0.00000e+00  0.00000e+00  0.00000e+00  7.50000e-01  1.00000e+00  0.00000e+00
0036 -4.32617e-01  1.00000e+00  1.00000e+00  0.00000e+00  0.00000e+00  0.00000e+00  7.50000e-01  1.00000e+00  0.00000e+00
0037 -4.30664e-01  1.00000e+00  1.00000e+00  0.00000e+00  0.00000e+00  0.00000e+00  7.50000e-01  1.00000e+00  0.00000e+00
0038 -4.28711e-01  1.00000e+00  1.00000e+00  0.00000e+00  0.00000e+00  0.00000e+00  7.50000e-01  1.00000e+00  0.00000e+00
0039 -4.26758e-01  1.00000e+00  1.00000e+00  0.00000e+00  0.00000e+00  0.00000e+00  7.50000e-01  1.00000e+00  0.00000e+00
0040 -4.24805e-01  1.00000e+00  1.00000e+00  0.00000e+00  0.00000e+00  0.00000e+00  7.50000e-01  1.00000e+00  0.00000e+00
0041 -4.22852e-01  1.00000e+00  1.00000e+00  0.00000e+00  0.00000e+00  0.00000e+00  7.50000e-01  1.00000e+00  0.00000e+00
0042 -4.20898e-01  1.00000e+00  1.00000e+00  0.00000e+00  0.00000e+00  0.00000e+00  7.50000e-01  1.00000e+00  0.00000e+00
0043 -4.18945e-01  1.00000e+00  1.00000e+00  0.00000e+00  0.00000e+00  0.00000e+00  7.50000e-01  1.00000e+00  0.00000e+00
0044 -4.16992e-01  1.00000e+00  1.00000e+00  0.00000e+00  0.00000e+00  0.00000e+00  7.50000e-01  1.00000e+00  0.00000e+00
0045 -4.15039e-01  1.00000e+00  1.00000e+00  0.00000e+00  0.00000e+00  0.00000e+00  7.50000e-01  1.00000e+00  0.00000e+00
0046 -4.13086e-01  1.00000e+00  1.00000e+00  0.00000e+00  0.00000e+00  0.00000e+00  7.50000e-01  1.00000e+00  0.00000e+00
0047 -4.11133e-01  1.00000e+00  1.00000e+00  0.00000e+00  0.00000e+00  0.00000e+00  7.50000e-01  1.00000e+00  0.00000e+00
0048 -4.09180e-01  1.00000e+00  1.00000e+00  0.00000e+00  0.00000e+00  0.00000e+00  7.50000e-01  1.00000e+00  0.00000e+00
0049 -4.07227e-01  1.00000e+00  1.00000e+00  0.00000e+00  0.00000e+00  0.00000e+00  7.50000e-01  1.00000e+00  0.00000e+00
0050 -4.05273e-01  1.00000e+00  1.00000e+00  0.00000e+00  0.00000e+00  0.00000e+00  7.50000e-01  1.00000e+00  0.00000e+00
0051 -4.03320e-01  1.00000e+00  1.00000e+00  0.00000e+00  0.00000e+00  0.00000e+00  7.50000e-01  1.00000e+00  0.00000e+00
0052 -4.01367e-01  1.00000e+00  1.00000e+00  0.00000e+00  0.00000e+00  0.00000e+00  7.50000e-01  1.00000e+00  0.00000e+00
0053 -3.99414e-01  1.00000e+00  1.00000e+00  0.00000e+00  0.00000e+00  0.00000e+00  7.50000e-01  1.00000e+00  0.00000e+00
0054 -3.97461e-01  1.00000e+00  1.00000e+00  0.00000e+00  0.00000e+00  0.00000e+00  7.50000e-01  1.00000e+00  0.00000e+00
0055 -3.95508e-01  1.00000e+00  1.00000e+00  0.00000e+00  0.00000e+00  0.00000e+00  7.50000e-01  1.00000e+00  0.00000e+00
0056 -3.93555e-01  1.00000e+00  1.00000e+00  0.00000e+00  0.00000e+00  0.00000e+00  7.50000e-01  1.00000e+00  0.00000e+00
0057 -3.91602e-01  1.00000e+00  1.00000e+00  0.00000e+00  0.00000e+00  0.00000e+00  7.50000e-01  1.00000e+00  0.00000e+00
0058 -3.89648e-01  1.00000e+00  1.00000e+00  0.00000e+00  0.00000e+00  0.00000e+00  7.50000e-01  1.00000e+00  0.00000e+00
0059 -3.87695e-01  1.00000e+00  1.00000e+00  0.00000e+00  0.00000e+00  0.00000e+00  7.50000e-01  1.00000e+00  0.00000e+00
0060 -3.85742e-01  1.00000e+00  1.00000e+00  0.00000e+00  0.00000e+00  0.00000e+00  7.50000e-01  1.00000e+00  0.00000e+00
0061 -3.83789e-01  1.00000e+00  1.00000e+00  0.00000e+00  0.00000e+00  0.00000e+00  7.50000e-01  1.00000e+00  0.00000e+00
0062 -3.81836e-01  1.00000e+00  1.00000e+00  0.00000e+00  0.00000e+00  0.00000e+00  7.50000e-01  1.00000e+00  0.00000e+00
0063 -3.79883e-01  1.00000e+00  1.00000e+00  0.00000e+00  0.00000e+00  0.00000e+00  7.50000e-01  1.00000e+00  0.00000e+00
0064 -3.77930e-01  1.00000e+00  1.00000e+00  0.00000e+00  0.00000e+00  0.00000e+00  7.50000e-01  1.00000e+00  0.00000e+00
0065 -3.75977e-01  1.00000e+00  1.00000e+00  0.00000e+00  0.00000e+00  0.00000e+00  7.50000e-01  1.00000e+00  0.00000e+00
0066 -3.74023e-01  1.00000e+00  1.00000e+00  0.00000e+00  0.00000e+00  0.00000e+00  7.50000e-01  1.00000e+00  0.00000e+00
0067 -3.72070e-01  1.00000e+00  1.00000e+00  0.00000e+00  0.00000e+00  0.00000e+00  7.50000e-01  1.00000e+00  0.00000e+00
0068 -3.70117e-01  1.00000e+00  1.00000e+00  0.00000e+00  0.00000e+00  0.00000e+00  7.50000e-01  1.00000e+00  0.00000e+00
0069 -3.68164e-01  1.00000e+00  1.00000e+00  0.00000e+00  0.00000e+00  0.00000e+00  7.50000e-01  1.00000e+00  0.00000e+00
0070 -3.66211e-01  1.00000e+00  1.00000e+00  0.00000e+00  0.00000e+00  0.00000e+00  7.50000e-01  1.00000e+00  0.00000e+00
0071 -3.64258e-01  1.00000e+00  1.00000e+00  0.00000e+00  0.00000e+00  0.00000e+00  7.50000e-01  1.00000e+00  0.00000e+00
0072 -3.62305e-01  1.00000e+00  1.00000e+00  0.00000e+00  0.00000e+00  0.00000e+00  7.50000e-01  1.00000e+00  0.00000e+00
0073 -3.60352e-01  1.00000e+00  1.00000e+00  0.00000e+00  0.00000e+00  0.00000e+00  7.50000e-01  1.00000e+00  0.00000e+00
0074 -3.58398e-01  1.00000e+00  1.00000e+00  0.00000e+00  0.00000e+00  0.00000e+00  7.50000e-01  1.00000e+00  0.00000e+00
0075 -3.56445e-01  1.00000e+00  1.00000e+00  0.00000e+00  0.00000e+00  0.00000e+00  7.50000e-01  1.00000e+00  0.00000e+00
0076 -3.54492e-01  1.00000e+00  1.00000e+00  0.00000e+00  0.00000e+00  0.00000e+00  7.50000e-01  1.00000e+00  0.00000e+00
0077 -3.52539e-01  1.00000e+00  1.00000e+00  0.00000e+00  0.00000e+00  0.00000e+00  7.50000e-01  1.00000e+00  0.00000e+00
0078 -3.50586e-01  1.00000e+00  1.00000e+00  0.00000e+00  0.00000e+00  0.00000e+00  7.50000e-01  1.00000e+00  0.00000e+00
0079 -3.48633e-01  1.00000e+00  1.00000e+00  0.00000e+00  0.00000e+00  0.00000e+00  7.50000e-01  1.00000e+00  0.00000e+00
0080 -3.46680e-01  1.00000e+00  1.00000e+00  0.00000e+00  0.00000e+00  0.00000e+00  7.50000e-01  1.00000e+00  0.00000e+00
0081 -3.44727e-01  1.00000e+00  1.00000e+00  0.00000e+00  0.00000e+00  0.00000e+00  7.50000e-01  1.00000e+00  0.00000e+00
0082 -3.42773e-01  1.00000e+00  1.00000e+00  0.00000e+00  0.00000e+00  0.00000e+00  7.50000e-01  1.00000e+00  0.00000e+00
0083 -3.40820e-01  1.00000e+00  1.00000e+00  0.00000e+00  0.00000e+00  0.00000e+00  7.50000e-01  1.00000e+00  0.00000e+00
0084 -3.38867e-01  1.00000e+00  1.00000e+00  0.00000e+00  0.00000e+00  0.00000e+00  7.50000e-01  1.00000e+00  0.00000e+00
0085 -3.36914e-01  1.00000e+00  1.00000e+00  0.00000e+00  0.00000e+00  0.00000e+00  7.50000e-01  1.00000e+00  0.00000e+00
0086 -3.34961e-01  1.00000e+00  1.00000e+00  0.00000e+00  0.00000e+00  0.00000e+00  7.50000e-01  1.00000e+00  0.00000e+00
0087 -3.33008e-01  1.00000e+00  1.00000e+00  0.00000e+00  0.00000e+00  0.00000e+00  7.50000e-01  1.00000e+00  0.00000e+00
0088 -3.31055e-01  1.00000e+00  1.00000e+00  0.00000e+00  0.00000e+00  0.00000e+00  7.50000e-01  1.00000e+00  0.00000e+00
0089 -3.29102e-01  1.00000e+00  1.00000e+00  0.00000e+00  0.00000e+00  0.00000e+00  7.50000e-01  1.00000e+00  0.00000e+00
0090 -3.27148e-01  1.00000e+00  1.00000e+00  0.00000e+00  0.00000e+00  0.00000e+00  7.50000e-01  1.00000e+00  0.00000e+00
0091 -3.25195e-01  1.00000e+00  1.00000e+00  0.00000e+00  0.00000e+00  0.00000e+00  7.50000e-01  1.00000e+00  0.00000e+00
0092 -3.23242e-01  1.00000e+00  1.00000e+00  0.00000e+00  0.00000e+00  0.00000e+00  7.50000e-01  1.00000e+00  0.00000e+00
0093 -3.21289e-01  1.00000e+00  1.00000e+00  0.00000e+00  0.00000e+00  0.00000e+00  7.50000e-01  1.00000e+00  0.00000e+00
0094 -3.19336e-01  1.00000e+00  1.00000e+00  0.00000e+00  0.00000e+00  0.00000e+00  7.50000e-01  1.00000e+00  0.00000e+00
0095 -3.17383e-01  1.00000e+00  1.00000e+00  0.00000e+00  0.00000e+00  0.00000e+00  7.50000e-01  1.00000e+00  0.00000e+00
0096 -3.15430e-01  1.00000e+00  1.00000e+00  0.00000e+00  0.00000e+00  0.00000e+00  7.50000e-01  1.00000e+00  0.00000e+00
0097 -3.13477e-01  1.00000e+00  1.00000e+00  0.00000e+00  0.00000e+00  0.00000e+00  7.50000e-01  1.00000e+00  0.00000e+00
0098 -3.11523e-01  1.00000e+00  1.00000e+00  0.00000e+00  0.00000e+00  0.00000e+00  7.50000e-01  1.00000e+00  0.00000e+00
0099 -3.09570e-01  1.00000e+00  1.00000e+00  0.00000e+00  0.00000e+00  0.00000e+00  7.50000e-01  1.00000e+00  0.00000e+00
0100 -3.07617e-01  1.00000e+00  1.00000e+00  0.00000e+00  0.00000e+00  0.00000e+00  7.50000e-01  1.00000e+00  0.00000e+00
0101 -3.05664e-01  1.00000e+00  1.00000e+00  0.00000e+00  0.00000e+00  0.00000e+00  7.50000e-01  1.00000e+00  0.00000e+00
0102 -3.03711e-01  1.00000e+00  1.00000e+00  0.00000e+00  0.00000e+00  0.00000e+00  7.50000e-01  1.00000e+00  0.00000e+00
0103 -3.01758e-01  1.00000e+00  1.00000e+00  0.00000e+00  0.00000e+00  0.00000e+00  7.50000e-01  1.00000e+00  0.00000e+00
0104 -2.99805e-01  1.00000e+00  1.00000e+00  0.00000e+00  0.00000e+00  0.00000e+00  7.50000e-01  1.00000e+00  0.00000e+00
0105 -2.97852e-01  1.00000e+00  1.00000e+00  0.00000e+00  0.00000e+00  0.00000e+00  7.50000e-01  1.00000e+00  0.00000e+00
0106 -2.95898e-01  1.00000e+00  1.00000e+00  0.00000e+00  0.00000e+00  0.00000e+00  7.50000e-01  1.00000e+00  0.00000e+00
0107 -2.93945e-01  1.00000e+00  1.00000e+00  0.00000e+00  0.00000e+00  0.00000e+00  7.50000e-01  1.00000e+00  0.00000e+00
0108 -2.91992e-01  1.00000e+00  1.00000e+00  0.00000e+00  0.00000e+00  0.00000e+00  7.50000e-01  1.00000e+00  0.00000e+00
0109 -2.90039e-01  1.00000e+00  1.00000e+00  0.00000e+00  0.00000e+00  0.00000e+00  7.50000e-01  1.00000e+00  0.00000e+00
0110 -2.88086e-01  1.00000e+00  1.00000e+00  0.00000e+00  0.00000e+00  0.00000e+00  7.50000e-01  1.00000e+00  0.00000e+00
0111 -2.86133e-01  1.00000e+00  1.00000e+00  0.00000e+00  0.00000e+00  0.00000e+00  7.50000e-01  1.00000e+00  0.00000e+00
0112 -2.84180e-01  1.00000e+00  1.00000e+00  0.00000e+00  0.00000e+00  0.00000e+00  7.50000e-01  1.00000e+00  0.00000e+00
0113 -2.82227e-01  1.00000e+00  1.00000e+00  0.00000e+00  0.00000e+00  0.00000e+00  7.50000e-01  1.00000e+00  0.00000e+00
0114 -2.80273e-01  1.00000e+00  1.00000e+00  0.00000e+00  0.00000e+00  0.00000e+00  7.50000e-01  1.00000e+00  0.00000e+00
0115 -2.78320e-01  1.00000e+00  1.00000e+00  0.00000e+00  0.00000e+00  0.00000e+00  7.50000e-01  1.00000e+00  0.00000e+00
0116 -2.76367e-01  1.00000e+00  1.00000e+00  0.00000e+00  0.00000e+00  0.00000e+00  7.50000e-01  1.00000e+00  0.00000e+00
0117 -2.74414e-01  1.00000e+00  1.00000e+00  0.00000e+00  0.00000e+00  0.00000e+00  7.50000e-01  1.00000e+00  0.00000e+00
0118 -2.72461e-01  1.00000e+00  1.00000e+00  0.00000e+00  0.00000e+00  0.00000e+00  7.50000e-01  1.00000e+00  0.00000e+00
0119 -2.70508e-01  1.00000e+00  1.00000e+00  0.00000e+00  0.00000e+00  0.00000e+00  7.50000e-01  1.00000e+00  0.00000e+00
0120 -2.68555e-01  1.00000e+00  1.00000e+00  0.00000e+00  0.00000e+00  0.00000e+00  7.50000e-01  1.00000e+00  0.00000e+00
0121 -2.66602e-01  1.00000e+00  1.00000e+00  0.00000e+00  0.00000e+00  0.00000e+00  7.50000e-01  1.00000e+00  0.00000e+00
0122 -2.64648e-01  1.00000e+00  1.00000e+00  0.00000e+00  0.00000e+00  0.00000e+00  7.50000e-01  1.00000e+00  0.00000e+00
0123 -2.62695e-01  1.00000e+00  1.00000e+00  0.00000e+00  0.00000e+00  0.00000e+00  7.50000e-01  1.00000e+00  0.00000e+00
0124 -2.60742e-01  1.00000e+00  1.00000e+00  0.00000e+00  0.00000e+00  0.00000e+00  7.50000e-01  1.00000e+00  0.00000e+00
0125 -2.58789e-01  1.00000e+00  1.00000e+00  0.00000e+00  0.00000e+00  0.00000e+00  7.50000e-01  1.00000e+00  0.00000e+00
0126 -2.56836e-01  1.00000e+00  1.00000e+00  0.00000e+00  0.00000e+00  0.00000e+00  7.50000e-01  1.00000e+00  0.00000e+00
0127 -2.54883e-01  1.00000e+00  1.00000e+00  0.00000e+00  0.00000e+00  0.00000e+00  7.50000e-01  1.00000e+00  0.00000e+00
0128 -2.52930e-01  1.00000e+00  1.00000e+00  0.00000e+00  0.00000e+00  0.00000e+00  7.50000e-01  1.00000e+00  0.00000e+00
0129 -2.50977e-01  1.00000e+00  1.00000e+00  0.00000e+00  0.00000e+00  0.00000e+00  7.50000e-01  1.00000e+00  0.00000e+00
0130 -2.49023e-01  1.00000e+00  1.00000e+00  0.00000e+00  0.00000e+00  0.00000e+00  7.50000e-01  1.00000e+00  0.00000e+00
0131 -2.47070e-01  1.00000e+00  1.00000e+00  0.00000e+00  0.00000e+00  0.00000e+00  7.50000e-01  1.00000e+00  0.00000e+00
0132 -2.45117e-01  1.00000e+00  1.00000e+00  0.00000e+00  0.00000e+00  0.00000e+00  7.50000e-01  1.00000e+00  0.00000e+00
0133 -2.43164e-01  1.00000e+00  1.00000e+00  0.00000e+00  0.00000e+00  0.00000e+00  7.50000e-01  1.00000e+00  0.00000e+00
0134 -2.41211e-01  1.00000e+00  1.00000e+00  0.00000e+00  0.00000e+00  0.00000e+00  7.50000e-01  1.00000e+00  0.00000e+00
0135 -2.39258e-01  1.00000e+00  1.00000e+00  0.00000e+00  0.00000e+00  0.00000e+00  7.50000e-01  1.00000e+00  0.00000e+00
0136 -2.37305e-01  1.00000e+00  1.00000e+00  0.00000e+00  0.00000e+00  0.00000e+00  7.50000e-01  1.00000e+00  0.00000e+00
0137 -2.35352e-01  1.00000e+00  1.00000e+00  0.00000e+00  0.00000e+00  0.00000e+00  7.50000e-01  1.00000e+00  0.00000e+00
0138 -2.33398e-01  1.00000e+00  1.00000e+00  0.00000e+00  0.00000e+00  0.00000e+00  7.50000e-01  1.00000e+00  0.00000e+00
0139 -2.31445e-01  1.00000e+00  1.00000e+00  0.00000e+00  0.00000e+00  0.00000e+00  7.50000e-01  1.00000e+00  0.00000e+00
0140 -2.29492e-01  1.00000e+00  1.00000e+00  0.00000e+00  0.00000e+00  0.00000e+00  7.50000e-01  1.00000e+00  0.00000e+00
0141 -2.27539e-01  1.00000e+00  1.00000e+00  0.00000e+00  0.00000e+00  0.00000e+00  7.50000e-01  1.00000e+00  0.00000e+00
0142 -2.25586e-01  1.00000e+00  1.00000e+00  0.00000e+00  0.00000e+00  0.00000e+00  7.50000e-01  1.00000e+00  0.00000e+00
0143 -2.23633e-01  1.00000e+00  1.00000e+00  0.00000e+00  0.00000e+00  0.00000e+00  7.50000e-01  1.00000e+00  0.00000e+00
0144 -2.21680e-01  1.00000e+00  1.00000e+00  0.00000e+00  0.00000e+00  0.00000e+00  7.50000e-01  1.00000e+00  0.00000e+00
0145 -2.19727e-01  1.00000e+00  1.00000e+00  0.00000e+00  0.00000e+00  0.00000e+00  7.50000e-01  1.00000e+00  0.00000e+00
0146 -2.17773e-01  1.00000e+00  1.00000e+00  1.76180e-17  0.00000e+00  0.00000e+00  7.50000e-01  1.00000e+00  0.00000e+00
0147 -2.15820e-01  1.00000e+00  1.00000e+00  7.88903e-16 -2.54240e-16  0.00000e+00  7.50000e-01  1.00000e+00  0.00000e+00
0148 -2.13867e-01  1.00000e+00  1.00000e+00  8.98641e-15 -2.68759e-15  0.00000e+00  7.50000e-01  1.00000e+00  0.00000e+00
0149 -2.11914e-01  1.00000e+00  1.00000e+00  7.92506e-14 -2.24662e-14  0.00000e+00  7.50000e-01  1.00000e+00  0.00000e+00
0150 -2.09961e-01  1.00000e+00  1.00000e+00  6.50577e-13 -1.83845e-13  0.00000e+00  7.50000e-01  1.00000e+00  0.00000e+00
0151 -2.08008e-01  1.00000e+00  1.00000e+00  5.22753e-12 -1.47967e-12  0.00000e+00  7.50000e-01  1.00000e+00  0.00000e+00
0152 -2.06055e-01  1.00000e+00  1.00000e+00  4.10566e-11 -1.16205e-11  0.00000e+00  7.50000e-01  1.00000e+00  0.00000e+00
0153 -2.04102e-01  1.00000e+00  1.00000e+00  3.13804e-10 -8.88198e-11  0.00000e+00  7.50000e-01  1.00000e+00  0.00000e+00
0154 -2.02148e-01  1.00000e+00  1.00000e+00  2.31913e-09 -6.56410e-10  0.00000e+00  7.50000e-01  1.00000e+00  0.00000e+00
0155 -2.00195e-01  1.00000e+00  1.00000e+00  1.64290e-08 -4.65010e-09  0.00000e+00  7.50000e-01  1.00000e+00  0.00000e+00
0156 -1.98242e-01  1.00000e+00  1.00000e+00  1.10292e-07 -3.12172e-08  0.00000e+00  7.50000e-01  1.00000e+00  0.00000e+00
0157 -1.96289e-01  1.00000e+00  9.99999e-01  6.91313e-07 -1.95671e-07  0.00000e+00  7.50000e-01  1.00000e+00  0.00000e+00
0158 -1.94336e-01  9.99998e-01  9.99996e-01  3.97096e-06 -1.12395e-06  0.00000e+00  7.50000e-01  9.99997e-01  0.00000e+00
0159 -1.92383e-01  9.99989e-01  9.99977e-01  2.04357e-05 -5.78415e-06  0.00000e+00  7.50000e-01  9.99986e-01  0.00000e+00
0160 -1.90430e-01  9.99949e-01  9.99898e-01  9.18377e-05 -2.59944e-05  0.00000e+00  7.50000e-01  9.99938e-01  0.00000e+00
0161 -1.88477e-01  9.99804e-01  9.99608e-01  3.51164e-04 -9.94071e-05  0.00000e+00  7.50000e-01  9.99762e-01  0.00000e+00
0162 -1.86523e-01  9.99376e-01  9.98752e-01  1.11869e-03 -3.16781e-04  0.00000e+00  7.50000e-01  9.99243e-01  0.00000e+00
0163 -1.84570e-01  9.98359e-01  9.96722e-01  2.94138e-03 -8.33515e-04  0.00000e+00  7.50000e-01  9.98011e-01  0.00000e+00
0164 -1.82617e-01  9.96416e-01  9.92848e-01  6.42758e-03 -1.82374e-03  0.00000e+00  7.50000e-01  9.95654e-01  0.00000e+00
0165 -1.80664e-01  9.93353e-01  9.86755e-01  1.19311e-02 -3.39178e-03  0.00000e+00  7.50000e-01  9.91937e-01  0.00000e+00
0166 -1.78711e-01  9.89212e-01  9.78547e-01  1.93852e-02 -5.52485e-03  0.00000e+00  7.50000e-01  9.86907e-01  0.00000e+00
0167 -1.76758e-01  9.84203e-01  9.68664e-01  2.84229e-02 -8.12546e-03  0.00000e+00  7.50000e-01  9.80817e-01  0.00000e+00
0168 -1.74805e-01  9.78576e-01  9.57621e-01  3.86034e-02 -1.10741e-02  0.00000e+00  7.50000e-01  9.73967e-01  0.00000e+00
0169 -1.72852e-01  9.72540e-01  9.45844e-01  4.95579e-02 -1.42699e-02  0.00000e+00  7.50000e-01  9.66609e-01  0.00000e+00
0170 -1.70898e-01  9.66239e-01  9.33629e-01  6.10268e-02 -1.76418e-02  0.00000e+00  7.50000e-01  9.58919e-01  0.00000e+00
0171 -1.68945e-01  9.59771e-01  9.21170e-01  7.28418e-02 -2.11438e-02  0.00000e+00  7.50000e-01  9.51011e-01  0.00000e+00
0172 -1.66992e-01  9.53193e-01  9.08586e-01  8.48971e-02 -2.47470e-02  0.00000e+00  7.50000e-01  9.42956e-01  0.00000e+00
0173 -1.65039e-01  9.46543e-01  8.95954e-01  9.71252e-02 -2.84334e-02  0.00000e+00  7.50000e-01  9.34801e-01  0.00000e+00
0174 -1.63086e-01  9.39848e-01  8.83324e-01  1.09482e-01 -3.21913e-02  0.00000e+00  7.50000e-01  9.26576e-01  0.00000e+00
0175 -1.61133e-01  9.33123e-01  8.70728e-01  1.21937e-01 -3.60130e-02  0.00000e+00  7.50000e-01  9.18299e-01  0.00000e+00
0176 -1.59180e-01  9.26381e-01  8.58191e-01  1.34469e-01 -3.98933e-02  0.00000e+00  7.50000e-01  9.09986e-01  0.00000e+00
0177 -1.57227e-01  9.19631e-01  8.45729e-01  1.47062e-01 -4.38283e-02  0.00000e+00  7.50000e-01  9.01648e-01  0.00000e+00
0178 -1.55273e-01  9.12879e-01  8.33356e-01  1.59705e-01 -4.78156e-02  0.00000e+00  7.50000e-01  8.93291e-01  0.00000e+00
0179 -1.53320e-01  9.06130e-01  8.21079e-01  1.72389e-01 -5.18532e-02  0.00000e+00  7.50000e-01  8.84922e-01  0.00000e+00
0180 -1.51367e-01  8.99389e-01  8.08907e-01  1.85105e-01 -5.59399e-02  0.00000e+00  7.50000e-01  8.76546e-01  0.00000e+00
0181 -1.49414e-01  8.92658e-01  7.96845e-01  1.97850e-01 -6.00749e-02  0.00000e+00  7.50000e-01  8.68165e-01  0.00000e+00
0182 -1.47461e-01  8.85941e-01  7.84897e-01  2.10617e-01 -6.42574e-02  0.00000e+00  7.50000e-01  8.59783e-01  0.00000e+00
0183 -1.45508e-01  8.79238e-01  7.73066e-01  2.23403e-01 -6.84872e-02  0.00000e+00  7.50000e-01  8.51402e-01  0.00000e+00
0184 -1.43555e-01  8.72554e-01  7.61355e-01  2.36206e-01 -7.27642e-02  0.00000e+00  7.50000e-01  8.43024e-01  0.00000e+00
0185 -1.41602e-01  8.65887e-01  7.49766e-01  2.49021e-01 -7.70883e-02  0.00000e+00  7.50000e-01  8.34650e-01  0.00000e+00
0186 -1.39648e-01  8.59241e-01  7.38299e-01  2.61847e-01 -8.14598e-02  0.00000e+00  7.50000e-01  8.26281e-01  0.00000e+00
0187 -1.37695e-01  8.52616e-01  7.26957e-01  2.74683e-01 -8.58787e-02  0.00000e+00  7.50000e-01  8.17919e-01  0.00000e+00
0188 -1.35742e-01  8.46013e-01  7.15740e-01  2.87525e-01 -9.03455e-02  0.00000e+00  7.50000e-01  8.09564e-01  0.00000e+00
0189 -1.33789e-01  8.39432e-01  7.04649e-01  3.00373e-01 -9.48606e-02  0.00000e+00  7.50000e-01  8.01217e-01  0.00000e+00
0190 -1.31836e-01  8.32875e-01  6.93683e-01  3.13225e-01 -9.94244e-02  0.00000e+00  7.50000e-01  7.92879e-01  0.00000e+00
0191 -1.29883e-01  8.26343e-01  6.82844e-01  3.26080e-01 -1.04037e-01  0.00000e+00  7.50000e-01  7.84549e-01  0.00000e+00
0192 -1.27930e-01  8.19835e-01  6.72131e-01  3.38936e-01 -1.08700e-01  0.00000e+00  7.50000e-01  7.76228e-01  0.00000e+00
0193 -1.25977e-01  8.13353e-01  6.61543e-01  3.51794e-01 -1.13414e-01  0.00000e+00  7.50000e-01  7.67917e-01  0.00000e+00
0194 -1.24023e-01  8.06896e-01  6.51082e-01  3.64651e-01 -1.18178e-01  0.00000e+00  7.50000e-01  7.59615e-01  0.00000e+00
0195 -1.22070e-01  8.00466e-01  6.40745e-01  3.77506e-01 -1.22994e-01  0.00000e+00  7.50000e-01  7.51322e-01  0.00000e+00
0196 -1.20117e-01  7.94063e-01  6.30535e-01  3.90360e-01 -1.27863e-01  0.00000e+00  7.50000e-01  7.43039e-01  0.00000e+00
0197 -1.18164e-01  7.87687e-01  6.20449e-01  4.03211e-01 -1.32786e-01  0.00000e+00  7.50000e-01  7.34766e-01  0.00000e+00
0198 -1.16211e-01  7.81338e-01  6.10487e-01  4.16057e-01 -1.37762e-01  0.00000e+00  7.50000e-01  7.26502e-01  0.00000e+00
0199 -1.14258e-01  7.75017e-01  6.00649e-01  4.28900e-01 -1.42794e-01  0.00000e+00  7.50000e-01  7.18248e-01  0.00000e+00
0200 -1.12305e-01  7.68725e-01  5.90935e-01  4.41737e-01 -1.47882e-01  0.00000e+00  7.50000e-01  7.10003e-01  0.00000e+00
0201 -1.10352e-01  7.62461e-01  5.81343e-01  4.54569e-01 -1.53027e-01  0.00000e+00  7.50000e-01  7.01767e-01  0.00000e+00
0202 -1.08398e-01  7.56225e-01  5.71873e-01  4.67394e-01 -1.58230e-01  0.00000e+00  7.50000e-01  6.93540e-01  0.00000e+00
0203 -1.06445e-01  7.50019e-01  5.62524e-01  4.80212e-01 -1.63492e-01  0.00000e+00  7.50000e-01  6.85321e-01  0.00000e+00
0204 -1.04492e-01  7.43841e-01  5.53295e-01  4.93024e-01 -1.68815e-01  0.00000e+00  7.50000e-01  6.77110e-01  0.00000e+00
0205 -1.02539e-01  7.37693e-01  5.44186e-01  5.05827e-01 -1.74199e-01  0.00000e+00  7.50000e-01  6.68907e-01  0.00000e+00
0206 -1.00586e-01  7.31575e-01  5.35197e-01  5.18621e-01 -1.79646e-01  0.00000e+00  7.50000e-01  6.60711e-01  0.00000e+00
0207 -9.86328e-02  7.25488e-01  5.26327e-01  5.31402e-01 -1.85155e-01  0.00000e+00  7.50000e-01  6.52524e-01  0.00000e+00
0208 -9.66797e-02  7.19436e-01  5.17581e-01  5.44165e-01 -1.90726e-01  0.00000e+00  7.50000e-01  6.44349e-01  0.00000e+00
0209 -9.47266e-02  7.13423e-01  5.08965e-01  5.56898e-01 -1.96354e-01  0.00000e+00  7.50000e-01  6.36194e-01  0.00000e+00
0210 -9.27734e-02  7.07462e-01  5.00496e-01  5.69573e-01 -2.02030e-01  0.00000e+00  7.50000e-01  6.28072e-01  0.00000e+00
0211 -9.08203e-02  7.01577e-01  4.92203e-01  5.82139e-01 -2.07729e-01  0.00000e+00  7.50000e-01  6.20018e-01  0.00000e+00
0212 -8.88672e-02  6.95814e-01  4.84149e-01  5.94497e-01 -2.13407e-01  0.00000e+00  7.50000e-01  6.12094e-01  0.00000e+00
0213 -8.69141e-02  6.90257e-01  4.76447e-01  6.06461e-01 -2.18974e-01  0.00000e+00  7.50000e-01  6.04418e-01  0.00000e+00
0214 -8.49609e-02  6.85049e-01  4.69286e-01  6.17715e-01 -2.24277e-01  0.00000e+00  7.50000e-01  5.97192e-01  0.00000e+00
0215 -8.30078e-02  6.80408e-01  4.62949e-01  6.27783e-01 -2.29075e-01  0.00000e+00  7.50000e-01  5.90722e-01  0.00000e+00
0216 -8.10547e-02  6.76597e-01  4.57778e-01  6.36067e-01 -2.33066e-01  0.00000e+00  7.50000e-01  5.85394e-01  0.00000e+00
0217 -7.91016e-02  6.73867e-01  4.54091e-01  6.42052e-01 -2.35955e-01  0.00000e+00  7.50000e-01  5.81545e-01  0.00000e+00
0218 -7.71484e-02  6.72222e-01  4.51876e-01  6.45510e-01 -2.37713e-01  0.00000e+00  7.50000e-01  5.79316e-01  0.00000e+00
0219 -7.51953e-02  6.71655e-01  4.51115e-01  6.47082e-01 -2.38291e-01  0.00000e+00  7.50000e-01  5.78295e-01  0.00000e+00
0220 -7.32422e-02  6.71394e-01  4.50764e-01  6.47300e-01 -2.38613e-01  0.00000e+00  7.50000e-01  5.78184e-01  0.00000e+00
0221 -7.12891e-02  6.71535e-01  4.50953e-01  6.47001e-01 -2.38476e-01  0.00000e+00  7.50000e-01  5.78357e-01  0.00000e+00
0222 -6.93359e-02  6.72722e-01  4.52550e-01  6.44491e-01 -2.37161e-01  0.00000e+00  7.50000e-01  5.79958e-01  0.00000e+00
0223 -6.73828e-02  6.74814e-01  4.55370e-01  6.40076e-01 -2.34925e-01  0.00000e+00  7.50000e-01  5.82794e-01  0.00000e+00
0224 -6.54297e-02  6.76403e-01  4.57517e-01  6.36548e-01 -2.33252e-01  0.00000e+00  7.50000e-01  5.85063e-01  0.00000e+00
0225 -6.34766e-02  6.77198e-01  4.58594e-01  6.34828e-01 -2.32485e-01  0.00000e+00  7.50000e-01  5.86237e-01  0.00000e+00
0226 -6.15234e-02  6.77365e-01  4.58820e-01  6.34152e-01 -2.32306e-01  0.00000e+00  7.50000e-01  5.86634e-01  0.00000e+00
0227 -5.95703e-02  6.77505e-01  4.59009e-01  6.34143e-01 -2.32092e-01  0.00000e+00  7.50000e-01  5.86593e-01  0.00000e+00
0228 -5.76172e-02  6.77389e-01  4.58853e-01  6.34411e-01 -2.32185e-01  0.00000e+00  7.50000e-01  5.86413e-01  0.00000e+00
0229 -5.56641e-02  6.76964e-01  4.58276e-01  6.35356e-01 -2.32668e-01  0.00000e+00  7.50000e-01  5.85825e-01  0.00000e+00
0230 -5.37109e-02  6.76406e-01  4.57521e-01  6.36473e-01 -2.33312e-01  0.00000e+00  7.50000e-01  5.85154e-01  0.00000e+00
0231 -5.17578e-02  6.76031e-01  4.57014e-01  6.37212e-01 -2.33729e-01  0.00000e+00  7.50000e-01  5.84688e-01  0.00000e+00
0232 -4.98047e-02  6.75876e-01  4.56805e-01  6.37619e-01 -2.33852e-01  0.00000e+00  7.50000e-01  5.84382e-01  0.00000e+00
0233 -4.78516e-02  6.75848e-01  4.56767e-01  6.37812e-01 -2.33836e-01  0.00000e+00  7.50000e-01  5.84221e-01  0.00000e+00
0234 -4.58984e-02  6.75788e-01  4.56686e-01  6.37844e-01 -2.33922e-01  0.00000e+00  7.50000e-01  5.84197e-01  0.00000e+00
0235 -4.39453e-02  6.75768e-01  4.56659e-01  6.37826e-01 -2.33995e-01  0.00000e+00  7.50000e-01  5.84233e-01  0.00000e+00
0236 -4.19922e-02  6.75796e-01  4.56697e-01  6.37774e-01 -2.33975e-01  0.00000e+00  7.50000e-01  5.84282e-01  0.00000e+00
0237 -4.00391e-02  6.75876e-01  4.56805e-01  6.37634e-01 -2.33844e-01  0.00000e+00  7.50000e-01  5.84402e-01  0.00000e+00
0238 -3.80859e-02  6.76015e-01  4.56993e-01  6.37368e-01 -2.33568e-01  0.00000e+00  7.50000e-01  5.84568e-01  0.00000e+00
0239 -3.61328e-02  6.76296e-01  4.57373e-01  6.36865e-01 -2.33560e-01  0.00000e+00  7.50000e-01  5.84913e-01  0.00000e+00
0240 -3.41797e-02  6.79876e-01  4.62200e-01  6.32480e-01 -2.40980e-01  0.00000e+00  7.50000e-01  5.80242e-01  0.00000e+00
0241 -3.22266e-02  7.20601e-01  5.32140e-01  5.95275e-01 -4.15376e-01  0.00000e+00  7.50000e-01  4.47527e-01  0.00000e+00
0242 -3.02734e-02  8.14306e-01  7.06578e-01  5.06792e-01 -9.11794e-01  0.00000e+00  7.50000e-01  2.47745e-02  0.00000e+00
0243 -2.83203e-02  8.13655e-01  7.04739e-01  4.54141e-01 -1.20829e+00  0.00000e+00  7.50000e-01 -2.42413e-01  0.00000e+00
0244 -2.63672e-02  7.82582e-01  6.52305e-01  5.03077e-01 -1.32241e+00  0.00000e+00  7.50000e-01 -3.27452e-01  0.00000e+00
0245 -2.44141e-02  7.65841e-01  6.24742e-01  5.23701e-01 -1.38372e+00  0.00000e+00  7.50000e-01 -3.80703e-01  0.00000e+00
0246 -2.24609e-02  7.53976e-01  6.05526e-01  5.41424e-01 -1.42688e+00  0.00000e+00  7.50000e-01 -4.20871e-01  0.00000e+00
0247 -2.05078e-02  7.42592e-01  5.87426e-01  5.57752e-01 -1.46339e+00  0.00000e+00  7.50000e-01 -4.52260e-01  0.00000e+00
0248 -1.85547e-02  7.30478e-01  5.68508e-01  5.69494e-01 -1.49741e+00  0.00000e+00  7.50000e-01 -4.76514e-01  0.00000e+00
0249 -1.66016e-02  7.17945e-01  5.49241e-01  5.76968e-01 -1.52839e+00  0.00000e+00  7.50000e-01 -4.94949e-01  0.00000e+00
0250 -1.46484e-02  7.06846e-01  5.32441e-01  5.82387e-01 -1.55374e+00  0.00000e+00  7.50000e-01 -5.09532e-01  0.00000e+00
0251 -1.26953e-02  6.98866e-01  5.20545e-01  5.87465e-01 -1.57150e+00  0.00000e+00  7.50000e-01 -5.20873e-01  0.00000e+00
0252 -1.07422e-02  6.94917e-01  5.14736e-01  5.92912e-01 -1.58136e+00  0.00000e+00  7.50000e-01 -5.29131e-01  0.00000e+00
0253 -8.78906e-03  6.95211e-01  5.15237e-01  6.01089e-01 -1.58372e+00  0.00000e+00  7.50000e-01 -5.36035e-01  0.00000e+00
0254 -6.83594e-03  6.96265e-01  5.16908e-01  6.05088e-01 -1.58527e+00  0.00000e+00  7.50000e-01 -5.38020e-01  0.00000e+00
0255 -4.88281e-03  6.96203e-01  5.16927e-01  6.04982e-01 -1.58510e+00  0.00000e+00  7.50000e-01 -5.37697e-01  0.00000e+00
0256 -2.92969e-03  6.95703e-01  5.16338e-01  6.03055e-01 -1.58398e+00  0.00000e+00  7.50000e-01 -5.36177e-01  0.00000e+00
0257 -9.76562e-04  6.94266e-01  5.14364e-01  5.98983e-01 -1.58395e+00  0.00000e+00  7.50000e-01 -5.33492e-01  0.00000e+00
0258  9.76562e-04  6.93366e-01  5.13218e-01  5.96650e-01 -1.58431e+00  0.00000e+00  7.50000e-01 -5.31866e-01  0.00000e+00
0259  2.92969e-03  6.93403e-01  5.13424e-01  5.96706e-01 -1.58443e+00  0.00000e+00  7.50000e-01 -5.31924e-01  0.00000e+00
0260  4.88281e-03  6.93886e-01  5.14329e-01  5.98015e-01 -1.58458e+00  0.00000e+00  7.50000e-01 -5.32788e-01  0.00000e+00
0261  6.83594e-03  6.94992e-01  5.16135e-01  6.00674e-01 -1.58394e+00  0.00000e+00  7.50000e-01 -5.34628e-01  0.00000e+00
0262  8.78906e-03  6.95391e-01  5.16929e-01  6.01940e-01 -1.58337e+00  0.00000e+00  7.50000e-01 -5.35846e-01  0.00000e+00
0263  1.07422e-02  6.95234e-01  5.16881e-01  6.01783e-01 -1.58354e+00  0.00000e+00  7.50000e-01 -5.35976e-01  0.00000e+00
0264  1.26953e-02  6.94623e-01  5.16253e-01  6.00876e-01 -1.58403e+00  0.00000e+00  7.50000e-01 -5.35449e-01  0.00000e+00
0265  1.46484e-02  6.93482e-01  5.14898e-01  5.98942e-01 -1.58502e+00  0.00000e+00  7.50000e-01 -5.34210e-01  0.00000e+00
0266  1.66016e-02  6.92733e-01  5.14236e-01  5.98036e-01 -1.58548e+00  0.00000e+00  7.50000e-01 -5.33639e-01  0.00000e+00
0267  1.85547e-02  6.92459e-01  5.14266e-01  5.98119e-01 -1.58544e+00  0.00000e+00  7.50000e-01 -5.33685e-01  0.00000e+00
0268  2.05078e-02  6.92417e-01  5.14732e-01  5.98764e-01 -1.58506e+00  0.00000e+00  7.50000e-01 -5.34073e-01  0.00000e+00
0269  2.24609e-02  6.92632e-01  5.15786e-01  6.00210e-01 -1.58433e+00  0.00000e+00  7.50000e-01 -5.34837e-01  0.00000e+00
0270  2.44141e-02  6.92538e-01  5.16342e-01  6.00933e-01 -1.58394e+00  0.00000e+00  7.50000e-01 -5.35126e-01  0.00000e+00
0271  2.63672e-02  6.91932e-01  5.16315e-01  6.00946e-01 -1.58384e+00  0.00000e+00  7.50000e-01 -5.34954e-01  0.00000e+00
0272  2.83203e-02  6.91044e-01  5.15996e-01  6.00524e-01 -1.58404e+00  0.00000e+00  7.50000e-01 -5.34520e-01  0.00000e+00
0273  3.02734e-02  6.89910e-01  5.15257e-01  5.99487e-01 -1.58446e+00  0.00000e+00  7.50000e-01 -5.33826e-01  0.00000e+00
0274  3.22266e-02  6.89055e-01  5.14924e-01  5.98990e-01 -1.58464e+00  0.00000e+00  7.50000e-01 -5.33516e-01  0.00000e+00
0275  3.41797e-02  6.88570e-01  5.15013e-01  5.98944e-01 -1.58465e+00  0.00000e+00  7.50000e-01 -5.33580e-01  0.00000e+00
0276  3.61328e-02  6.88238e-01  5.15349e-01  5.99251e-01 -1.58457e+00  0.00000e+00  7.50000e-01 -5.33865e-01  0.00000e+00
0277  3.80859e-02  6.88074e-01  5.15976e-01  5.99963e-01 -1.58434e+00  0.00000e+00  7.50000e-01 -5.34394e-01  0.00000e+00
0278  4.00391e-02  6.87781e-01  5.16326e-01  6.00300e-01 -1.58423e+00  0.00000e+00  7.50000e-01 -5.34654e-01  0.00000e+00
0279  4.19922e-02  6.87408e-01  5.16417e-01  6.00206e-01 -1.58421e+00  0.00000e+00  7.50000e-01 -5.34605e-01  0.00000e+00
0280  4.39453e-02  6.86908e-01  5.16312e-01  5.99844e-01 -1.58423e+00  0.00000e+00  7.50000e-01 -5.34331e-01  0.00000e+00
0281  4.58984e-02  6.86004e-01  5.15975e-01  5.99211e-01 -1.58438e+00  0.00000e+00  7.50000e-01 -5.33878e-01  0.00000e+00
0282  4.78516e-02  6.84315e-01  5.15814e-01  5.98896e-01 -1.58450e+00  0.00000e+00  7.50000e-01 -5.33609e-01  0.00000e+00
0283  4.98047e-02  6.80453e-01  5.15856e-01  5.98922e-01 -1.58449e+00  0.00000e+00  7.50000e-01 -5.33584e-01  0.00000e+00
0284  5.17578e-02  6.71233e-01  5.16056e-01  5.99156e-01 -1.58442e+00  0.00000e+00  7.50000e-01 -5.33648e-01  0.00000e+00
0285  5.37109e-02  6.51194e-01  5.16412e-01  5.99631e-01 -1.58423e+00  0.00000e+00  7.50000e-01 -5.33830e-01  0.00000e+00
0286  5.56641e-02  6.12726e-01  5.16574e-01  5.99910e-01 -1.58414e+00  0.00000e+00  7.50000e-01 -5.33907e-01  0.00000e+00
0287  5.76172e-02  5.49080e-01  5.16550e-01  6.00033e-01 -1.58419e+00  0.00000e+00  7.50000e-01 -5.33909e-01  0.00000e+00
0288  5.95703e-02  4.60440e-01  5.16422e-01  6.00054e-01 -1.58436e+00  0.00000e+00  7.50000e-01 -5.33840e-01  0.00000e+00
0289  6.15234e-02  3.61717e-01  5.16266e-01  5.99908e-01 -1.58456e+00  0.00000e+00  7.50000e-01 -5.33701e-01  0.00000e+00
0290  6.34766e-02  2.82314e-01  5.16130e-01  5.99635e-01 -1.58473e+00  0.00000e+00  7.50000e-01 -5.33528e-01  0.00000e+00
0291  6.54297e-02  2.42743e-01  5.16085e-01  5.99437e-01 -1.58481e+00  0.00000e+00  7.50000e-01 -5.33408e-01  0.00000e+00
0292  6.73828e-02  2.32345e-01  5.16093e-01  5.99291e-01 -1.58484e+00  0.00000e+00  7.50000e-01 -5.33333e-01  0.00000e+00
0293  6.93359e-02  2.31183e-01  5.16143e-01  5.99211e-01 -1.58483e+00  0.00000e+00  7.50000e-01 -5.33300e-01  0.00000e+00
0294  7.12891e-02  2.31160e-01  5.16212e-01  5.99261e-01 -1.58482e+00  0.00000e+00  7.50000e-01 -5.33305e-01  0.00000e+00
0295  7.32422e-02  2.31240e-01  5.16299e-01  5.99433e-01 -1.58482e+00  0.00000e+00  7.50000e-01 -5.33350e-01  0.00000e+00
0296  7.51953e-02  2.31536e-01  5.16447e-01  5.99706e-01 -1.58481e+00  0.00000e+00  7.50000e-01 -5.33455e-01  0.00000e+00
0297  7.71484e-02  2.32043e-01  5.16612e-01  5.99980e-01 -1.58479e+00  0.00000e+00  7.50000e-01 -5.33575e-01  0.00000e+00
0298  7.91016e-02  2.32629e-01  5.16721e-01  6.00171e-01 -1.58477e+00  0.00000e+00  7.50000e-01 -5.33652e-01  0.00000e+00
0299  8.10547e-02  2.33182e-01  5.16777e-01  6.00273e-01 -1.58481e+00  0.00000e+00  7.50000e-01 -5.33651e-01  0.00000e+00
0300  8.30078e-02  2.33663e-01  5.16784e-01  6.00309e-01 -1.58483e+00  0.00000e+00  7.50000e-01 -5.33597e-01  0.00000e+00
0301  8.49609e-02  2.34100e-01  5.16805e-01  6.00203e-01 -1.58494e+00  0.00000e+00  7.50000e-01 -5.33534e-01  0.00000e+00
0302  8.69141e-02  2.34489e-01  5.16782e-01  5.99949e-01 -1.58516e+00  0.00000e+00  7.50000e-01 -5.33448e-01  0.00000e+00
0303  8.88672e-02  2.34793e-01  5.16676e-01  5.99670e-01 -1.58541e+00  0.00000e+00  7.50000e-01 -5.33304e-01  0.00000e+00
0304  9.08203e-02  2.35022e-01  5.16553e-01  5.99517e-01 -1.58563e+00  0.00000e+00  7.50000e-01 -5.33156e-01  0.00000e+00
0305  9.27734e-02  2.35200e-01  5.16469e-01  5.99429e-01 -1.58587e+00  0.00000e+00  7.50000e-01 -5.33062e-01  0.00000e+00
0306  9.47266e-02  2.35350e-01  5.16479e-01  5.99453e-01 -1.58606e+00  0.00000e+00  7.50000e-01 -5.33051e-01  0.00000e+00
0307  9.66797e-02  2.35528e-01  5.16577e-01  5.99358e-01 -1.58622e+00  0.00000e+00  7.50000e-01 -5.33058e-01  0.00000e+00
0308  9.86328e-02  2.35667e-01  5.16651e-01  5.99566e-01 -1.58621e+00  0.00000e+00  7.50000e-01 -5.33066e-01  0.00000e+00
0309  1.00586e-01  2.35759e-01  5.16738e-01  6.00057e-01 -1.58610e+00  0.00000e+00  7.50000e-01 -5.33038e-01  0.00000e+00
0310  1.02539e-01  2.35819e-01  5.16921e-01  6.00474e-01 -1.58595e+00  0.00000e+00  7.50000e-01 -5.33085e-01  0.00000e+00
0311  1.04492e-01  2.35858e-01  5.17125e-01  6.00565e-01 -1.58593e+00  0.00000e+00  7.50000e-01 -5.33147e-01  0.00000e+00
0312  1.06445e-01  2.35856e-01  5.17292e-01  6.00624e-01 -1.58601e+00  0.00000e+00  7.50000e-01 -5.33230e-01  0.00000e+00
0313  1.08398e-01  2.35806e-01  5.17241e-01  6.00711e-01 -1.58605e+00  0.00000e+00  7.50000e-01 -5.33146e-01  0.00000e+00
0314  1.10352e-01  2.35711e-01  5.17053e-01  6.01096e-01 -1.58597e+00  0.00000e+00  7.50000e-01 -5.32953e-01  0.00000e+00
0315  1.12305e-01  2.35638e-01  5.16905e-01  6.00924e-01 -1.58613e+00  0.00000e+00  7.50000e-01 -5.32819e-01  0.00000e+00
0316  1.14258e-01  2.35631e-01  5.17057e-01  6.00319e-01 -1.58648e+00  0.00000e+00  7.50000e-01 -5.32942e-01  0.00000e+00
0317  1.16211e-01  2.35589e-01  5.17063e-01  5.99582e-01 -1.58684e+00  0.00000e+00  7.50000e-01 -5.32905e-01  0.00000e+00
0318  1.18164e-01  2.35499e-01  5.16889e-01  5.99931e-01 -1.58669e+00  0.00000e+00  7.50000e-01 -5.32691e-01  0.00000e+00
0319  1.20117e-01  2.35327e-01  5.16371e-01  6.00839e-01 -1.58635e+00  0.00000e+00  7.50000e-01 -5.32214e-01  0.00000e+00
0320  1.22070e-01  2.35321e-01  5.16526e-01  6.01093e-01 -1.58639e+00  0.00000e+00  7.50000e-01 -5.32215e-01  0.00000e+00
0321  1.24023e-01  2.35531e-01  5.17478e-01  5.98962e-01 -1.58741e+00  0.00000e+00  7.50000e-01 -5.32969e-01  0.00000e+00
0322  1.25977e-01  2.35671e-01  5.18063e-01  5.98476e-01 -1.58781e+00  0.00000e+00  7.50000e-01 -5.33412e-01  0.00000e+00
0323  1.27930e-01  2.35442e-01  5.17018e-01  6.01448e-01 -1.58650e+00  0.00000e+00  7.50000e-01 -5.32409e-01  0.00000e+00
0324  1.29883e-01  2.35200e-01  5.15953e-01  6.05297e-01 -1.58525e+00  0.00000e+00  7.50000e-01 -5.31471e-01  0.00000e+00
0325  1.31836e-01  2.35298e-01  5.16439e-01  6.03733e-01 -1.58628e+00  0.00000e+00  7.50000e-01 -5.32374e-01  0.00000e+00
0326  1.33789e-01  2.36149e-01  5.20199e-01  5.94795e-01 -1.58855e+00  0.00000e+00  7.50000e-01 -5.35192e-01  0.00000e+00
0327  1.35742e-01  2.36407e-01  5.21295e-01  5.93171e-01 -1.58964e+00  0.00000e+00  7.50000e-01 -5.35003e-01  0.00000e+00
0328  1.37695e-01  2.34632e-01  5.13395e-01  6.09060e-01 -1.58585e+00  0.00000e+00  7.50000e-01 -5.31742e-01  0.00000e+00
0329  1.39648e-01  2.33727e-01  5.09157e-01  6.21476e-01 -1.57382e+00  0.00000e+00  7.50000e-01 -5.26439e-01  0.00000e+00
0330  1.41602e-01  2.34731e-01  5.13360e-01  5.65176e-01 -1.56112e+00  0.00000e+00  7.50000e-01 -5.54199e-01  0.00000e+00
0331  1.43555e-01  2.12083e-01  4.18801e-01  4.85457e-01 -1.32946e+00  0.00000e+00  7.50000e-01 -6.22492e-01  0.00000e+00
0332  1.45508e-01  1.53125e-01  1.91168e-01  8.61702e-02 -6.83303e-01  0.00000e+00  7.50000e-01 -8.08045e-01  0.00000e+00
0333  1.47461e-01  1.20623e-01  9.38937e-02 -2.11921e-01 -2.26463e-01  0.00000e+00  7.50000e-01 -8.93586e-01  0.00000e+00
0334  1.49414e-01  1.17124e-01  8.78023e-02 -2.39636e-01 -1.68751e-01  0.00000e+00  7.50000e-01 -9.02239e-01  0.00000e+00
0335  1.51367e-01  1.17046e-01  8.76844e-02 -2.38196e-01 -1.65561e-01  0.00000e+00  7.50000e-01 -9.03257e-01  0.00000e+00
0336  1.53320e-01  1.17074e-01  8.77267e-02 -2.37290e-01 -1.64964e-01  0.00000e+00  7.50000e-01 -9.03556e-01  0.00000e+00
0337  1.55273e-01  1.17096e-01  8.77600e-02 -2.36731e-01 -1.64708e-01  0.00000e+00  7.50000e-01 -9.03740e-01  0.00000e+00
0338  1.57227e-01  1.17099e-01  8.77641e-02 -2.36660e-01 -1.64665e-01  0.00000e+00  7.50000e-01 -9.03767e-01  0.00000e+00
0339  1.59180e-01  1.17098e-01  8.77616e-02 -2.36698e-01 -1.64684e-01  0.00000e+00  7.50000e-01 -9.03752e-01  0.00000e+00
0340  1.61133e-01  1.17088e-01  8.77476e-02 -2.36972e-01 -1.64873e-01  0.00000e+00  7.50000e-01 -9.03645e-01  0.00000e+00
0341  1.63086e-01  1.17063e-01  8.77095e-02 -2.37741e-01 -1.65435e-01  0.00000e+00  7.50000e-01 -9.03331e-01  0.00000e+00
0342  1.65039e-01  1.17021e-01  8.76465e-02 -2.39018e-01 -1.66372e-01  0.00000e+00  7.50000e-01 -9.02810e-01  0.00000e+00
0343  1.66992e-01  1.16976e-01  8.75788e-02 -2.40393e-01 -1.67379e-01  0.00000e+00  7.50000e-01 -9.02251e-01  0.00000e+00
0344  1.68945e-01  1.16946e-01  8.75346e-02 -2.41291e-01 -1.68036e-01  0.00000e+00  7.50000e-01 -9.01885e-01  0.00000e+00
0345  1.70898e-01  1.16937e-01  8.75202e-02 -2.41580e-01 -1.68248e-01  0.00000e+00  7.50000e-01 -9.01767e-01  0.00000e+00
0346  1.72852e-01  1.16937e-01  8.75198e-02 -2.41586e-01 -1.68252e-01  0.00000e+00  7.50000e-01 -9.01765e-01  0.00000e+00
0347  1.74805e-01  1.16939e-01  8.75237e-02 -2.41507e-01 -1.68193e-01  0.00000e+00  7.50000e-01 -9.01798e-01  0.00000e+00
0348  1.76758e-01  1.16954e-01  8.75451e-02 -2.41069e-01 -1.67870e-01  0.00000e+00  7.50000e-01 -9.01976e-01  0.00000e+00
0349  1.78711e-01  1.16989e-01  8.75975e-02 -2.40000e-01 -1.67086e-01  0.00000e+00  7.50000e-01 -9.02412e-01  0.00000e+00
0350  1.80664e-01  1.17042e-01  8.76773e-02 -2.38376e-01 -1.65896e-01  0.00000e+00  7.50000e-01 -9.03074e-01  0.00000e+00
0351  1.82617e-01  1.17095e-01  8.77567e-02 -2.36760e-01 -1.64711e-01  0.00000e+00  7.50000e-01 -9.03733e-01  0.00000e+00
0352  1.84570e-01  1.17128e-01  8.78063e-02 -2.35749e-01 -1.63971e-01  0.00000e+00  7.50000e-01 -9.04145e-01  0.00000e+00
0353  1.86523e-01  1.17139e-01  8.78228e-02 -2.35412e-01 -1.63724e-01  0.00000e+00  7.50000e-01 -9.04282e-01  0.00000e+00
0354  1.88477e-01  1.17140e-01  8.78235e-02 -2.35397e-01 -1.63712e-01  0.00000e+00  7.50000e-01 -9.04289e-01  0.00000e+00
0355  1.90430e-01  1.17138e-01  8.78207e-02 -2.35452e-01 -1.63752e-01  0.00000e+00  7.50000e-01 -9.04266e-01  0.00000e+00
0356  1.92383e-01  1.17126e-01  8.78028e-02 -2.35815e-01 -1.64017e-01  0.00000e+00  7.50000e-01 -9.04118e-01  0.00000e+00
0357  1.94336e-01  1.17094e-01  8.77539e-02 -2.36805e-01 -1.64741e-01  0.00000e+00  7.50000e-01 -9.03715e-01  0.00000e+00
0358  1.96289e-01  1.17040e-01  8.76742e-02 -2.38424e-01 -1.65926e-01  0.00000e+00  7.50000e-01 -9.03056e-01  0.00000e+00
0359  1.98242e-01  1.16986e-01  8.75928e-02 -2.40078e-01 -1.67137e-01  0.00000e+00  7.50000e-01 -9.02382e-01  0.00000e+00
0360  2.00195e-01  1.16954e-01  8.75444e-02 -2.41060e-01 -1.67857e-01  0.00000e+00  7.50000e-01 -9.01982e-01  0.00000e+00
0361  2.02148e-01  1.16945e-01  8.75308e-02 -2.41334e-01 -1.68058e-01  0.00000e+00  7.50000e-01 -9.01870e-01  0.00000e+00
0362  2.04102e-01  1.16945e-01  8.75310e-02 -2.41330e-01 -1.68054e-01  0.00000e+00  7.50000e-01 -9.01872e-01  0.00000e+00
0363  2.06055e-01  1.16949e-01  8.75364e-02 -2.41217e-01 -1.67971e-01  0.00000e+00  7.50000e-01 -9.01918e-01  0.00000e+00
0364  2.08008e-01  1.16967e-01  8.75644e-02 -2.40647e-01 -1.67552e-01  0.00000e+00  7.50000e-01 -9.02151e-01  0.00000e+00
0365  2.09961e-01  1.17011e-01  8.76299e-02 -2.39313e-01 -1.66574e-01  0.00000e+00  7.50000e-01 -9.02695e-01  0.00000e+00
0366  2.11914e-01  1.17075e-01  8.77259e-02 -2.37361e-01 -1.65144e-01  0.00000e+00  7.50000e-01 -9.03490e-01  0.00000e+00
0367  2.13867e-01  1.17135e-01  8.78157e-02 -2.35533e-01 -1.63805e-01  0.00000e+00  7.50000e-01 -9.04235e-01  0.00000e+00
0368  2.15820e-01  1.17169e-01  8.78659e-02 -2.34512e-01 -1.63058e-01  0.00000e+00  7.50000e-01 -9.04651e-01  0.00000e+00
0369  2.17773e-01  1.17177e-01  8.78789e-02 -2.34249e-01 -1.62865e-01  0.00000e+00  7.50000e-01 -9.04759e-01  0.00000e+00
0370  2.19727e-01  1.17177e-01  8.78783e-02 -2.34258e-01 -1.62872e-01  0.00000e+00  7.50000e-01 -9.04755e-01  0.00000e+00
0371  2.21680e-01  1.17173e-01  8.78717e-02 -2.34392e-01 -1.62969e-01  0.00000e+00  7.50000e-01 -9.04701e-01  0.00000e+00
0372  2.23633e-01  1.17151e-01  8.78394e-02 -2.35047e-01 -1.63448e-01  0.00000e+00  7.50000e-01 -9.04434e-01  0.00000e+00
0373  2.25586e-01  1.17102e-01  8.77656e-02 -2.36545e-01 -1.64544e-01  0.00000e+00  7.50000e-01 -9.03824e-01  0.00000e+00
0374  2.27539e-01  1.17033e-01  8.76618e-02 -2.38653e-01 -1.66087e-01  0.00000e+00  7.50000e-01 -9.02965e-01  0.00000e+00
0375  2.29492e-01  1.16973e-01  8.75723e-02 -2.40471e-01 -1.67419e-01  0.00000e+00  7.50000e-01 -9.02224e-01  0.00000e+00
0376  2.31445e-01  1.16945e-01  8.75293e-02 -2.41342e-01 -1.68058e-01  0.00000e+00  7.50000e-01 -9.01869e-01  0.00000e+00
0377  2.33398e-01  1.16939e-01  8.75214e-02 -2.41503e-01 -1.68175e-01  0.00000e+00  7.50000e-01 -9.01804e-01  0.00000e+00
0378  2.35352e-01  1.16940e-01  8.75228e-02 -2.41475e-01 -1.68154e-01  0.00000e+00  7.50000e-01 -9.01815e-01  0.00000e+00
0379  2.37305e-01  1.16949e-01  8.75360e-02 -2.41205e-01 -1.67956e-01  0.00000e+00  7.50000e-01 -9.01925e-01  0.00000e+00
0380  2.39258e-01  1.16981e-01  8.75844e-02 -2.40219e-01 -1.67233e-01  0.00000e+00  7.50000e-01 -9.02327e-01  0.00000e+00
0381  2.41211e-01  1.17047e-01  8.76829e-02 -2.38214e-01 -1.65764e-01  0.00000e+00  7.50000e-01 -9.03144e-01  0.00000e+00
0382  2.43164e-01  1.17135e-01  8.78145e-02 -2.35540e-01 -1.63805e-01  0.00000e+00  7.50000e-01 -9.04234e-01  0.00000e+00
0383  2.45117e-01  1.17212e-01  8.79296e-02 -2.33201e-01 -1.62094e-01  0.00000e+00  7.50000e-01 -9.05187e-01  0.00000e+00
0384  2.47070e-01  1.17253e-01  8.79910e-02 -2.31954e-01 -1.61183e-01  0.00000e+00  7.50000e-01 -9.05696e-01  0.00000e+00
0385  2.49023e-01  1.17263e-01  8.80062e-02 -2.31644e-01 -1.60956e-01  0.00000e+00  7.50000e-01 -9.05822e-01  0.00000e+00
0386  2.50977e-01  1.17263e-01  8.80056e-02 -2.31656e-01 -1.60965e-01  0.00000e+00  7.50000e-01 -9.05817e-01  0.00000e+00
0387  2.52930e-01  1.17257e-01  8.79975e-02 -2.31819e-01 -1.61084e-01  0.00000e+00  7.50000e-01 -9.05751e-01  0.00000e+00
0388  2.54883e-01  1.17232e-01  8.79589e-02 -2.32601e-01 -1.61655e-01  0.00000e+00  7.50000e-01 -9.05432e-01  0.00000e+00
0389  2.56836e-01  1.17174e-01  8.78723e-02 -2.34357e-01 -1.62939e-01  0.00000e+00  7.50000e-01 -9.04716e-01  0.00000e+00
0390  2.58789e-01  1.17093e-01  8.77509e-02 -2.36821e-01 -1.64741e-01  0.00000e+00  7.50000e-01 -9.03713e-01  0.00000e+00
0391  2.60742e-01  1.17021e-01  8.76427e-02 -2.39017e-01 -1.66348e-01  0.00000e+00  7.50000e-01 -9.02818e-01  0.00000e+00
0392  2.62695e-01  1.16982e-01  8.75848e-02 -2.40193e-01 -1.67211e-01  0.00000e+00  7.50000e-01 -9.02339e-01  0.00000e+00
0393  2.64648e-01  1.16972e-01  8.75695e-02 -2.40505e-01 -1.67439e-01  0.00000e+00  7.50000e-01 -9.02212e-01  0.00000e+00
0394  2.66602e-01  1.16972e-01  8.75696e-02 -2.40502e-01 -1.67437e-01  0.00000e+00  7.50000e-01 -9.02213e-01  0.00000e+00
0395  2.68555e-01  1.16976e-01  8.75752e-02 -2.40387e-01 -1.67352e-01  0.00000e+00  7.50000e-01 -9.02260e-01  0.00000e+00
0396  2.70508e-01  1.16995e-01  8.76036e-02 -2.39809e-01 -1.66929e-01  0.00000e+00  7.50000e-01 -9.02496e-01  0.00000e+00
0397  2.72461e-01  1.17039e-01  8.76694e-02 -2.38471e-01 -1.65948e-01  0.00000e+00  7.50000e-01 -9.03041e-01  0.00000e+00
0398  2.74414e-01  1.17105e-01  8.77687e-02 -2.36452e-01 -1.64469e-01  0.00000e+00  7.50000e-01 -9.03864e-01  0.00000e+00
0399  2.76367e-01  1.17175e-01  8.78736e-02 -2.34320e-01 -1.62909e-01  0.00000e+00  7.50000e-01 -9.04732e-01  0.00000e+00
0400  2.78320e-01  1.17227e-01  8.79516e-02 -2.32738e-01 -1.61752e-01  0.00000e+00  7.50000e-01 -9.05377e-01  0.00000e+00
0401  2.80273e-01  1.17253e-01  8.79908e-02 -2.31941e-01 -1.61170e-01  0.00000e+00  7.50000e-01 -9.05702e-01  0.00000e+00
0402  2.82227e-01  1.17261e-01  8.80023e-02 -2.31709e-01 -1.61000e-01  0.00000e+00  7.50000e-01 -9.05797e-01  0.00000e+00
0403  2.84180e-01  1.17261e-01  8.80027e-02 -2.31698e-01 -1.60992e-01  0.00000e+00  7.50000e-01 -9.05801e-01  0.00000e+00
0404  2.86133e-01  1.17260e-01  8.80010e-02 -2.31733e-01 -1.61018e-01  0.00000e+00  7.50000e-01 -9.05787e-01  0.00000e+00
0405  2.88086e-01  1.17253e-01  8.79896e-02 -2.31965e-01 -1.61187e-01  0.00000e+00  7.50000e-01 -9.05692e-01  0.00000e+00
0406  2.90039e-01  1.17230e-01  8.79559e-02 -2.32648e-01 -1.61686e-01  0.00000e+00  7.50000e-01 -9.05414e-01  0.00000e+00
0407  2.91992e-01  1.17184e-01  8.78868e-02 -2.34049e-01 -1.62710e-01  0.00000e+00  7.50000e-01 -9.04843e-01  0.00000e+00
0408  2.93945e-01  1.17109e-01  8.77746e-02 -2.36327e-01 -1.64376e-01  0.00000e+00  7.50000e-01 -9.03915e-01  0.00000e+00
0409  2.95898e-01  1.17010e-01  8.76263e-02 -2.39339e-01 -1.66582e-01  0.00000e+00  7.50000e-01 -9.02688e-01  0.00000e+00
0410  2.97852e-01  1.16906e-01  8.74694e-02 -2.42529e-01 -1.68922e-01  0.00000e+00  7.50000e-01 -9.01388e-01  0.00000e+00
0411  2.99805e-01  1.16820e-01  8.73412e-02 -2.45139e-01 -1.70838e-01  0.00000e+00  7.50000e-01 -9.00325e-01  0.00000e+00
0412  3.01758e-01  1.16769e-01  8.72650e-02 -2.46692e-01 -1.71979e-01  0.00000e+00  7.50000e-01 -8.99692e-01  0.00000e+00
0413  3.03711e-01  1.16749e-01  8.72354e-02 -2.47294e-01 -1.72422e-01  0.00000e+00  7.50000e-01 -8.99446e-01  0.00000e+00
0414  3.05664e-01  1.16746e-01  8.72303e-02 -2.47399e-01 -1.72499e-01  0.00000e+00  7.50000e-01 -8.99403e-01  0.00000e+00
0415  3.07617e-01  1.16746e-01  8.72310e-02 -2.47384e-01 -1.72487e-01  0.00000e+00  7.50000e-01 -8.99410e-01  0.00000e+00
0416  3.09570e-01  1.16751e-01  8.72383e-02 -2.47235e-01 -1.72378e-01  0.00000e+00  7.50000e-01 -8.99470e-01  0.00000e+00
0417  3.11523e-01  1.16770e-01  8.72666e-02 -2.46657e-01 -1.71953e-01  0.00000e+00  7.50000e-01 -8.99706e-01  0.00000e+00
0418  3.13477e-01  1.16814e-01  8.73326e-02 -2.45312e-01 -1.70964e-01  0.00000e+00  7.50000e-01 -9.00254e-01  0.00000e+00
0419  3.15430e-01  1.16893e-01  8.74504e-02 -2.42912e-01 -1.69201e-01  0.00000e+00  7.50000e-01 -9.01232e-01  0.00000e+00
0420  3.17383e-01  1.17011e-01  8.76273e-02 -2.39310e-01 -1.66560e-01  0.00000e+00  7.50000e-01 -9.02700e-01  0.00000e+00
0421  3.19336e-01  1.17168e-01  8.78623e-02 -2.34536e-01 -1.63066e-01  0.00000e+00  7.50000e-01 -9.04645e-01  0.00000e+00
0422  3.21289e-01  1.17358e-01  8.81475e-02 -2.28756e-01 -1.58845e-01  0.00000e+00  7.50000e-01 -9.07000e-01  0.00000e+00
0423  3.23242e-01  1.17574e-01  8.84718e-02 -2.22199e-01 -1.54069e-01  0.00000e+00  7.50000e-01 -9.09671e-01  0.00000e+00
0424  3.25195e-01  1.17808e-01  8.88245e-02 -2.15087e-01 -1.48906e-01  0.00000e+00  7.50000e-01 -9.12567e-01  0.00000e+00
0425  3.27148e-01  1.18055e-01  8.91974e-02 -2.07592e-01 -1.43482e-01  0.00000e+00  7.50000e-01 -9.15619e-01  0.00000e+00
0426  3.29102e-01  1.18311e-01  8.95852e-02 -1.99825e-01 -1.37879e-01  0.00000e+00  7.50000e-01 -9.18781e-01  0.00000e+00
0427  3.31055e-01  1.18575e-01  8.99851e-02 -1.91839e-01 -1.32139e-01  0.00000e+00  7.50000e-01 -9.22032e-01  0.00000e+00
0428  3.33008e-01  1.18846e-01  9.03965e-02 -1.83652e-01 -1.26276e-01  0.00000e+00  7.50000e-01 -9.25363e-01  0.00000e+00
0429  3.34961e-01  1.19124e-01  9.08197e-02 -1.75260e-01 -1.20287e-01  0.00000e+00  7.50000e-01 -9.28778e-01  0.00000e+00
0430  3.36914e-01  1.19409e-01  9.12555e-02 -1.66649e-01 -1.14165e-01  0.00000e+00  7.50000e-01 -9.32281e-01  0.00000e+00
0431  3.38867e-01  1.19702e-01  9.17046e-02 -1.57807e-01 -1.07903e-01  0.00000e+00  7.50000e-01 -9.35877e-01  0.00000e+00
0432  3.40820e-01  1.20004e-01  9.21674e-02 -1.48730e-01 -1.01499e-01  0.00000e+00  7.50000e-01 -9.39568e-01  0.00000e+00
0433  3.42773e-01  1.20314e-01  9.26437e-02 -1.39422e-01 -9.49591e-02  0.00000e+00  7.50000e-01 -9.43353e-01  0.00000e+00
0434  3.44727e-01  1.20631e-01  9.31330e-02 -1.29899e-01 -8.82944e-02  0.00000e+00  7.50000e-01 -9.47224e-01  0.00000e+00
0435  3.46680e-01  1.20955e-01  9.36340e-02 -1.20185e-01 -8.15243e-02  0.00000e+00  7.50000e-01 -9.51173e-01  0.00000e+00
0436  3.48633e-01  1.21285e-01  9.41452e-02 -1.10313e-01 -7.46732e-02  0.00000e+00  7.50000e-01 -9.55185e-01  0.00000e+00
0437  3.50586e-01  1.21619e-01  9.46645e-02 -1.00327e-01 -6.77712e-02  0.00000e+00  7.50000e-01 -9.59243e-01  0.00000e+00
0438  3.52539e-01  1.21955e-01  9.51894e-02 -9.02754e-02 -6.08537e-02  0.00000e+00  7.50000e-01 -9.63327e-01  0.00000e+00
0439  3.54492e-01  1.22293e-01  9.57166e-02 -8.02196e-02 -5.39624e-02  0.00000e+00  7.50000e-01 -9.67413e-01  0.00000e+00
0440  3.56445e-01  1.22628e-01  9.62423e-02 -7.02339e-02 -4.71477e-02  0.00000e+00  7.50000e-01 -9.71470e-01  0.00000e+00
0441  3.58398e-01  1.22958e-01  9.67615e-02 -6.04111e-02 -4.04717e-02  0.00000e+00  7.50000e-01 -9.75460e-01  0.00000e+00
0442  3.60352e-01  1.23280e-01  9.72679e-02 -5.08677e-02 -3.40116e-02  0.00000e+00  7.50000e-01 -9.79337e-01  0.00000e+00
0443  3.62305e-01  1.23587e-01  9.77537e-02 -4.17483e-02 -2.78621e-02  0.00000e+00  7.50000e-01 -9.83041e-01  0.00000e+00
0444  3.64258e-01  1.23875e-01  9.82092e-02 -3.32253e-02 -2.21355e-02  0.00000e+00  7.50000e-01 -9.86503e-01  0.00000e+00
0445  3.66211e-01  1.24136e-01  9.86240e-02 -2.54900e-02 -1.69552e-02  0.00000e+00  7.50000e-01 -9.89646e-01  0.00000e+00
0446  3.68164e-01  1.24365e-01  9.89875e-02 -1.87298e-02 -1.24413e-02  0.00000e+00  7.50000e-01 -9.92392e-01  0.00000e+00
0447  3.70117e-01  1.24556e-01  9.92913e-02 -1.30941e-02 -8.68763e-03  0.00000e+00  7.50000e-01 -9.94681e-01  0.00000e+00
0448  3.72070e-01  1.24706e-01  9.95311e-02 -8.65485e-03 -5.73691e-03  0.00000e+00  7.50000e-01 -9.96484e-01  0.00000e+00
0449  3.74023e-01  1.24818e-01  9.97083e-02 -5.37955e-03 -3.56335e-03  0.00000e+00  7.50000e-01 -9.97815e-01  0.00000e+00
0450  3.75977e-01  1.24894e-01  9.98301e-02 -3.13210e-03 -2.07363e-03  0.00000e+00  7.50000e-01 -9.98728e-01  0.00000e+00
0451  3.77930e-01  1.24942e-01  9.99075e-02 -1.70458e-03 -1.12816e-03  0.00000e+00  7.50000e-01 -9.99308e-01  0.00000e+00
0452  3.79883e-01  1.24971e-01  9.99529e-02 -8.66959e-04 -5.73676e-04  0.00000e+00  7.50000e-01 -9.99648e-01  0.00000e+00
0453  3.81836e-01  1.24986e-01  9.99776e-02 -4.12704e-04 -2.73060e-04  0.00000e+00  7.50000e-01 -9.99832e-01  0.00000e+00
0454  3.83789e-01  1.24994e-01  9.99900e-02 -1.84410e-04 -1.22005e-04  0.00000e+00  7.50000e-01 -9.99925e-01  0.00000e+00
0455  3.85742e-01  1.24997e-01  9.99958e-02 -7.76391e-05 -5.13644e-05  0.00000e+00  7.50000e-01 -9.99968e-01  0.00000e+00
0456  3.87695e-01  1.24999e-01  9.99983e-02 -3.09306e-05 -2.04628e-05  0.00000e+00  7.50000e-01 -9.99987e-01  0.00000e+00
0457  3.89648e-01  1.25000e-01  9.99994e-02 -1.17120e-05 -7.74830e-06  0.00000e+00  7.50000e-01 -9.99995e-01  0.00000e+00
0458  3.91602e-01  1.25000e-01  9.99998e-02 -4.23335e-06 -2.80064e-06  0.00000e+00  7.50000e-01 -9.99998e-01  0.00000e+00
0459  3.93555e-01  1.25000e-01  9.99999e-02 -1.46655e-06 -9.70218e-07  0.00000e+00  7.50000e-01 -9.99999e-01  0.00000e+00
0460  3.95508e-01  1.25000e-01  1.00000e-01 -4.88718e-07 -3.23319e-07  0.00000e+00  7.50000e-01 -1.00000e+00  0.00000e+00
0461  3.97461e-01  1.25000e-01  1.00000e-01 -1.57175e-07 -1.03981e-07  0.00000e+00  7.50000e-01 -1.00000e+00  0.00000e+00
0462  3.99414e-01  1.25000e-01  1.00000e-01 -4.89219e-08 -3.23651e-08  0.00000e+00  7.50000e-01 -1.00000e+00  0.00000e+00
0463  4.01367e-01  1.25000e-01  1.00000e-01 -1.47737e-08 -9.77375e-09  0.00000e+00  7.50000e-01 -1.00000e+00  0.00000e+00
0464  4.03320e-01  1.25000e-01  1.00000e-01 -4.33764e-09 -2.86964e-09  0.00000e+00  7.50000e-01 -1.00000e+00  0.00000e+00
0465  4.05273e-01  1.25000e-01  1.00000e-01 -1.24046e-09 -8.20645e-10  0.00000e+00  7.50000e-01 -1.00000e+00  0.00000e+00
0466  4.07227e-01  1.25000e-01  1.00000e-01 -3.46052e-10 -2.28935e-10  0.00000e+00  7.50000e-01 -1.00000e+00  0.00000e+00
0467  4.09180e-01  1.25000e-01  1.00000e-01 -9.42986e-11 -6.23818e-11  0.00000e+00  7.50000e-01 -1.00000e+00  0.00000e+00
0468  4.11133e-01  1.25000e-01  1.00000e-01 -2.51256e-11 -1.66219e-11  0.00000e+00  7.50000e-01 -1.00000e+00  0.00000e+00
0469  4.13086e-01  1.25000e-01  1.00000e-01 -6.55525e-12 -4.33548e-12  0.00000e+00  7.50000e-01 -1.00000e+00  0.00000e+00
0470  4.15039e-01  1.25000e-01  1.00000e-01 -1.67832e-12 -1.10569e-12  0.00000e+00  7.50000e-01 -1.00000e+00  0.00000e+00
0471  4.16992e-01  1.25000e-01  1.00000e-01 -4.18867e-13 -2.77667e-13  0.00000e+00  7.50000e-01 -1.00000e+00  0.00000e+00
0472  4.18945e-01  1.25000e-01  1.00000e-01 -1.04626e-13 -6.94924e-14  0.00000e+00  7.50000e-01 -1.00000e+00  0.00000e+00
0473  4.20898e-01  1.25000e-01  1.00000e-01 -2.41205e-14 -1.85167e-14  0.00000e+00  7.50000e-01 -1.00000e+00  0.00000e+00
0474  4.22852e-01  1.25000e-01  1.00000e-01 -5.52001e-15 -4.78951e-15  0.00000e+00  7.50000e-01 -1.00000e+00  0.00000e+00
0475  4.24805e-01  1.25000e-01  1.00000e-01 -3.56020e-15 -8.18806e-16  0.00000e+00  7.50000e-01 -1.00000e+00  0.00000e+00
0476  4.26758e-01  1.25000e-01  1.00000e-01 -1.99573e-15 -7.04103e-17  0.00000e+00  7.50000e-01 -1.00000e+00  0.00000e+00
0477  4.28711e-01  1.25000e-01  1.00000e-01 -1.57579e-15  4.56762e-17  0.00000e+00  7.50000e-01 -1.00000e+00  0.00000e+00
0478  4.30664e-01  1.25000e-01  1.00000e-01 -1.25862e-15 -8.64658e-16  0.00000e+00  7.50000e-01 -1.00000e+00  0.00000e+00
0479  4.32617e-01  1.25000e-01  1.00000e-01 -2.27638e-17 -1.88909e-15  0.00000e+00  7.50000e-01 -1.00000e+00  0.00000e+00
0480  4.34570e-01  1.25000e-01  1.00000e-01  8.38894e-16 -3.47536e-15  0.00000e+00  7.50000e-01 -1.00000e+00  0.00000e+00
0481  4.36523e-01  1.25000e-01  1.00000e-01  6.78024e-16 -4.01235e-15  0.00000e+00  7.50000e-01 -1.00000e+00  0.00000e+00
0482  4.38477e-01  1.25000e-01  1.00000e-01 -1.23688e-15 -1.02629e-15  0.00000e+00  7.50000e-01 -1.00000e+00  0.00000e+00
0483  4.40430e-01  1.25000e-01  1.00000e-01 -1.05028e-15 -4.66390e-16  0.00000e+00  7.50000e-01 -1.00000e+00  0.00000e+00
0484  4.42383e-01  1.25000e-01  1.00000e-01 -3.50413e-16 -1.77278e-15  0.00000e+00  7.50000e-01 -1.00000e+00  0.00000e+00
0485  4.44336e-01  1.25000e-01  1.00000e-01 -1.37585e-15 -5.59777e-16  0.00000e+00  7.50000e-01 -1.00000e+00  0.00000e+00
0486  4.46289e-01  1.25000e-01  1.00000e-01 -1.51675e-15 -2.79880e-16  0.00000e+00  7.50000e-01 -1.00000e+00  0.00000e+00
0487  4.48242e-01  1.25000e-01  1.00000e-01 -3.97005e-16 -1.67956e-15  0.00000e+00  7.50000e-01 -1.00000e+00  0.00000e+00
0488  4.50195e-01  1.25000e-01  1.00000e-01 -6.76018e-16 -1.16722e-15  0.00000e+00  7.50000e-01 -1.00000e+00  0.00000e+00
0489  4.52148e-01  1.25000e-01  1.00000e-01 -1.05035e-15 -3.25332e-16  0.00000e+00  7.50000e-01 -1.00000e+00  0.00000e+00
0490  4.54102e-01  1.25000e-01  1.00000e-01  1.63802e-16 -1.70235e-15  0.00000e+00  7.50000e-01 -1.00000e+00  0.00000e+00
0491  4.56055e-01  1.25000e-01  1.00000e-01 -9.32992e-16 -3.27623e-16  0.00000e+00  7.50000e-01 -1.00000e+00  0.00000e+00
0492  4.58008e-01  1.25000e-01  1.00000e-01 -1.67946e-15  1.16063e-16  0.00000e+00  7.50000e-01 -1.00000e+00  0.00000e+00
0493  4.59961e-01  1.25000e-01  1.00000e-01 -2.34492e-15  7.00567e-16  0.00000e+00  7.50000e-01 -1.00000e+00  0.00000e+00
0494  4.61914e-01  1.25000e-01  1.00000e-01 -2.69444e-15  1.58618e-15  0.00000e+00  7.50000e-01 -1.00000e+00  0.00000e+00
0495  4.63867e-01  1.25000e-01  1.00000e-01 -2.32130e-15  8.39860e-16  0.00000e+00  7.50000e-01 -1.00000e+00  0.00000e+00
0496  4.65820e-01  1.25000e-01  1.00000e-01 -1.75009e-15  6.30501e-16  0.00000e+00  7.50000e-01 -1.00000e+00  0.00000e+00
0497  4.67773e-01  1.25000e-01  1.00000e-01 -2.22805e-15  9.80875e-16  0.00000e+00  7.50000e-01 -1.00000e+00  0.00000e+00
0498  4.69727e-01  1.25000e-01  1.00000e-01 -2.74125e-15  9.78903e-16  0.00000e+00  7.50000e-01 -1.00000e+00  0.00000e+00
0499  4.71680e-01  1.25000e-01  1.00000e-01 -1.67860e-15 -4.75230e-17  0.00000e+00  7.50000e-01 -1.00000e+00  0.00000e+00
0500  4.73633e-01  1.25000e-01  1.00000e-01 -2.41455e-15  7.00818e-16  0.00000e+00  7.50000e-01 -1.00000e+00  0.00000e+00
0501  4.75586e-01  1.25000e-01  1.00000e-01 -2.41450e-15  1.65666e-15  0.00000e+00  7.50000e-01 -1.00000e+00  0.00000e+00
0502  4.77539e-01  1.25000e-01  1.00000e-01 -2.84578e-15  1.04913e-15  0.00000e+00  7.50000e-01 -1.00000e+00  0.00000e+00
0503  4.79492e-01  1.25000e-01  1.00000e-01 -3.65036e-15  2.23934e-15  0.00000e+00  7.50000e-01 -1.00000e+00  0.00000e+00
0504  4.81445e-01  1.25000e-01  1.00000e-01 -2.92766e-15  1.58616e-15  0.00000e+00  7.50000e-01 -1.00000e+00  0.00000e+00
0505  4.83398e-01  1.25000e-01  1.00000e-01 -2.18118e-15  4.43639e-16  0.00000e+00  7.50000e-01 -1.00000e+00  0.00000e+00
0506  4.85352e-01  1.25000e-01  1.00000e-01 -2.26301e-15  5.12036e-16  0.00000e+00  7.50000e-01 -1.00000e+00  0.00000e+00
0507  4.87305e-01  1.25000e-01  1.00000e-01 -1.90013e-15  3.25315e-16  0.00000e+00  7.50000e-01 -1.00000e+00  0.00000e+00
0508  4.89258e-01  1.25000e-01  1.00000e-01 -2.63525e-15  1.26045e-15  0.00000e+00  7.50000e-01 -1.00000e+00  0.00000e+00
0509  4.91211e-01  1.25000e-01  1.00000e-01 -3.76835e-15  3.19718e-15  0.00000e+00  7.50000e-01 -1.00000e+00  0.00000e+00
0510  4.93164e-01  1.25000e-01  1.00000e-01 -1.72600e-15  2.27040e-17  0.00000e+00  7.50000e-01 -1.00000e+00  0.00000e+00
0511  4.95117e-01  1.25000e-01  1.00000e-01 -2.33259e-15  5.12252e-16  0.00000e+00  7.50000e-01 -1.00000e+00  0.00000e+00
0512  4.97070e-01  1.25000e-01  1.00000e-01 -2.05265e-15  1.09688e-15  0.00000e+00  7.50000e-01 -1.00000e+00  0.00000e+00
0513  4.99023e-01  1.25000e-01  1.00000e-01 -4.53943e-16 -1.75015e-15  0.00000e+00  7.50000e-01 -1.00000e+00  0.00000e+00
