# Athena++ data at time=2.000000e-01  cycle=779  variables=prim 
# i       x1v         rho          press          vel1         vel2         vel3         Bcc1         Bcc2         Bcc3     
0002 -4.99023e-01  1.08000e+00  9.50000e-01  1.20000e+00  1.00000e-02  5.00000e-01  1.12838e+00  1.01554e+00  5.64190e-01
0003 -4.97070e-01  1.08000e+00  9.50000e-01  1.20000e+00  1.00000e-02  5.00000e-01  1.12838e+00  1.01554e+00  5.64190e-01
0004 -4.95117e-01  1.08000e+00  9.50000e-01  1.20000e+00  1.00000e-02  5.00000e-01  1.12838e+00  1.01554e+00  5.64190e-01
0005 -4.93164e-01  1.08000e+00  9.50000e-01  1.20000e+00  1.00000e-02  5.00000e-01  1.12838e+00  1.01554e+00  5.64190e-01
0006 -4.91211e-01  1.08000e+00  9.50000e-01  1.20000e+00  1.00000e-02  5.00000e-01  1.12838e+00  1.01554e+00  5.64190e-01
0007 -4.89258e-01  1.08000e+00  9.50000e-01  1.20000e+00  1.00000e-02  5.00000e-01  1.12838e+00  1.01554e+00  5.64190e-01
0008 -4.87305e-01  1.08000e+00  9.50000e-01  1.20000e+00  1.00000e-02  5.00000e-01  1.12838e+00  1.01554e+00  5.64190e-01
0009 -4.85352e-01  1.08000e+00  9.50000e-01  1.20000e+00  1.00000e-02  5.00000e-01  1.12838e+00  1.01554e+00  5.64190e-01
0010 -4.83398e-01  1.08000e+00  9.50000e-01  1.20000e+00  1.00000e-02  5.00000e-01  1.12838e+00  1.01554e+00  5.64190e-01
0011 -4.81445e-01  1.08000e+00  9.50000e-01  1.20000e+00  1.00000e-02  5.00000e-01  1.12838e+00  1.01554e+00  5.64190e-01
0012 -4.79492e-01  1.08000e+00  9.50000e-01  1.20000e+00  1.00000e-02  5.00000e-01  1.12838e+00  1.01554e+00  5.64190e-01
0013 -4.77539e-01  1.08000e+00  9.50000e-01  1.20000e+00  1.00000e-02  5.00000e-01  1.12838e+00  1.01554e+00  5.64190e-01
0014 -4.75586e-01  1.08000e+00  9.50000e-01  1.20000e+00  1.00000e-02  5.00000e-01  1.12838e+00  1.01554e+00  5.64190e-01
0015 -4.73633e-01  1.08000e+00  9.50000e-01  1.20000e+00  1.00000e-02  5.00000e-01  1.12838e+00  1.01554e+00  5.64190e-01
0016 -4.71680e-01  1.08000e+00  9.50000e-01  1.20000e+00  1.00000e-02  5.00000e-01  1.12838e+00  1.01554e+00  5.64190e-01
0017 -4.69727e-01  1.08000e+00  9.50000e-01  1.20000e+00  1.00000e-02  5.00000e-01  1.12838e+00  1.01554e+00  5.64190e-01
0018 -4.67773e-01  1.08000e+00  9.50000e-01  1.20000e+00  1.00000e-02  5.00000e-01  1.12838e+00  1.01554e+00  5.64190e-01
0019 -4.65820e-01  1.08000e+00  9.50000e-01  1.20000e+00  1.00000e-02  5.00000e-01  1.12838e+00  1.01554e+00  5.64190e-01
0020 -4.63867e-01  1.08000e+00  9.50000e-01  1.20000e+00  1.00000e-02  5.00000e-01  1.12838e+00  1.01554e+00  5.64190e-01
0021 -4.61914e-01  1.08000e+00  9.50000e-01  1.20000e+00  1.00000e-02  5.00000e-01  1.12838e+00  1.01554e+00  5.64190e-01
0022 -4.59961e-01  1.08000e+00  9.50000e-01  1.20000e+00  1.00000e-02  5.00000e-01  1.12838e+00  1.01554e+00  5.64190e-01
0023 -4.58008e-01  1.08000e+00  9.50000e-01  1.20000e+00  1.00000e-02  5.00000e-01  1.12838e+00  1.01554e+00  5.64190e-01
0024 -4.56055e-01  1.08000e+00  9.50000e-01  1.20000e+00  1.00000e-02  5.00000e-01  1.12838e+00  1.01554e+00  5.64190e-01
0025 -4.54102e-01  1.08000e+00  9.50000e-01  1.20000e+00  1.00000e-02  5.00000e-01  1.12838e+00  1.01554e+00  5.64190e-01
0026 -4.52148e-01  1.08000e+00  9.50000e-01  1.20000e+00  1.00000e-02  5.00000e-01  1.12838e+00  1.01554e+00  5.64190e-01
0027 -4.50195e-01  1.08000e+00  9.50000e-01  1.20000e+00  1.00000e-02  5.00000e-01  1.12838e+00  1.01554e+00  5.64190e-01
0028 -4.48242e-01  1.08000e+00  9.50000e-01  1.20000e+00  1.00000e-02  5.00000e-01  1.12838e+00  1.01554e+00  5.64190e-01
0029 -4.46289e-01  1.08000e+00  9.50000e-01  1.20000e+00  1.00000e-02  5.00000e-01  1.12838e+00  1.01554e+00  5.64190e-01
0030 -4.44336e-01  1.08000e+00  9.50000e-01  1.20000e+00  1.00000e-02  5.00000e-01  1.12838e+00  1.01554e+00  5.64190e-01
0031 -4.42383e-01  1.08000e+00  9.50000e-01  1.20000e+00  1.00000e-02  5.00000e-01  1.12838e+00  1.01554e+00  5.64190e-01
0032 -4.40430e-01  1.08000e+00  9.50000e-01  1.20000e+00  1.00000e-02  5.00000e-01  1.12838e+00  1.01554e+00  5.64190e-01
0033 -4.38477e-01  1.08000e+00  9.50000e-01  1.20000e+00  1.00000e-02  5.00000e-01  1.12838e+00  1.01554e+00  5.64190e-01
0034 -4.36523e-01  1.08000e+00  9.50000e-01  1.20000e+00  1.00000e-02  5.00000e-01  1.12838e+00  1.01554e+00  5.64190e-01
0035 -4.34570e-01  1.08000e+00  9.50000e-01  1.20000e+00  1.00000e-02  5.00000e-01  1.12838e+00  1.01554e+00  5.64190e-01
0036 -4.32617e-01  1.08000e+00  9.50000e-01  1.20000e+00  1.00000e-02  5.00000e-01  1.12838e+00  1.01554e+00  5.64190e-01
0037 -4.30664e-01  1.08000e+00  9.50000e-01  1.20000e+00  1.00000e-02  5.00000e-01  1.12838e+00  1.01554e+00  5.64190e-01
0038 -4.28711e-01  1.08000e+00  9.50000e-01  1.20000e+00  1.00000e-02  5.00000e-01  1.12838e+00  1.01554e+00  5.64190e-01
0039 -4.26758e-01  1.08000e+00  9.50000e-01  1.20000e+00  1.00000e-02  5.00000e-01  1.12838e+00  1.01554e+00  5.64190e-01
0040 -4.24805e-01  1.08000e+00  9.50000e-01  1.20000e+00  1.00000e-02  5.00000e-01  1.12838e+00  1.01554e+00  5.64190e-01
0041 -4.22852e-01  1.08000e+00  9.50000e-01  1.20000e+00  1.00000e-02  5.00000e-01  1.12838e+00  1.01554e+00  5.64190e-01
0042 -4.20898e-01  1.08000e+00  9.50000e-01  1.20000e+00  1.00000e-02  5.00000e-01  1.12838e+00  1.01554e+00  5.64190e-01
0043 -4.18945e-01  1.08000e+00  9.50000e-01  1.20000e+00  1.00000e-02  5.00000e-01  1.12838e+00  1.01554e+00  5.64190e-01
0044 -4.16992e-01  1.08000e+00  9.50000e-01  1.20000e+00  1.00000e-02  5.00000e-01  1.12838e+00  1.01554e+00  5.64190e-01
0045 -4.15039e-01  1.08000e+00  9.50000e-01  1.20000e+00  1.00000e-02  5.00000e-01  1.12838e+00  1.01554e+00  5.64190e-01
0046 -4.13086e-01  1.08000e+00  9.50000e-01  1.20000e+00  1.00000e-02  5.00000e-01  1.12838e+00  1.01554e+00  5.64190e-01
0047 -4.11133e-01  1.08000e+00  9.50000e-01  1.20000e+00  1.00000e-02  5.00000e-01  1.12838e+00  1.01554e+00  5.64190e-01
0048 -4.09180e-01  1.08000e+00  9.50000e-01  1.20000e+00  1.00000e-02  5.00000e-01  1.12838e+00  1.01554e+00  5.64190e-01
0049 -4.07227e-01  1.08000e+00  9.50000e-01  1.20000e+00  1.00000e-02  5.00000e-01  1.12838e+00  1.01554e+00  5.64190e-01
0050 -4.05273e-01  1.08000e+00  9.50000e-01  1.20000e+00  1.00000e-02  5.00000e-01  1.12838e+00  1.01554e+00  5.64190e-01
0051 -4.03320e-01  1.08000e+00  9.50000e-01  1.20000e+00  1.00000e-02  5.00000e-01  1.12838e+00  1.01554e+00  5.64190e-01
0052 -4.01367e-01  1.08000e+00  9.50000e-01  1.20000e+00  1.00000e-02  5.00000e-01  1.12838e+00  1.01554e+00  5.64190e-01
0053 -3.99414e-01  1.08000e+00  9.50000e-01  1.20000e+00  1.00000e-02  5.00000e-01  1.12838e+00  1.01554e+00  5.64190e-01
0054 -3.97461e-01  1.08000e+00  9.50000e-01  1.20000e+00  1.00000e-02  5.00000e-01  1.12838e+00  1.01554e+00  5.64190e-01
0055 -3.95508e-01  1.08000e+00  9.50000e-01  1.20000e+00  1.00000e-02  5.00000e-01  1.12838e+00  1.01554e+00  5.64190e-01
0056 -3.93555e-01  1.08000e+00  9.50000e-01  1.20000e+00  1.00000e-02  5.00000e-01  1.12838e+00  1.01554e+00  5.64190e-01
0057 -3.91602e-01  1.08000e+00  9.50000e-01  1.20000e+00  1.00000e-02  5.00000e-01  1.12838e+00  1.01554e+00  5.64190e-01
0058 -3.89648e-01  1.08000e+00  9.50000e-01  1.20000e+00  1.00000e-02  5.00000e-01  1.12838e+00  1.01554e+00  5.64190e-01
0059 -3.87695e-01  1.08000e+00  9.50000e-01  1.20000e+00  1.00000e-02  5.00000e-01  1.12838e+00  1.01554e+00  5.64190e-01
0060 -3.85742e-01  1.08000e+00  9.50000e-01  1.20000e+00  1.00000e-02  5.00000e-01  1.12838e+00  1.01554e+00  5.64190e-01
0061 -3.83789e-01  1.08000e+00  9.50000e-01  1.20000e+00  1.00000e-02  5.00000e-01  1.12838e+00  1.01554e+00  5.64190e-01
0062 -3.81836e-01  1.08000e+00  9.50000e-01  1.20000e+00  1.00000e-02  5.00000e-01  1.12838e+00  1.01554e+00  5.64190e-01
0063 -3.79883e-01  1.08000e+00  9.50000e-01  1.20000e+00  1.00000e-02  5.00000e-01  1.12838e+00  1.01554e+00  5.64190e-01
0064 -3.77930e-01  1.08000e+00  9.50000e-01  1.20000e+00  1.00000e-02  5.00000e-01  1.12838e+00  1.01554e+00  5.64190e-01
0065 -3.75977e-01  1.08000e+00  9.50000e-01  1.20000e+00  1.00000e-02  5.00000e-01  1.12838e+00  1.01554e+00  5.64190e-01
0066 -3.74023e-01  1.08000e+00  9.50000e-01  1.20000e+00  1.00000e-02  5.00000e-01  1.12838e+00  1.01554e+00  5.64190e-01
0067 -3.72070e-01  1.08000e+00  9.50000e-01  1.20000e+00  1.00000e-02  5.00000e-01  1.12838e+00  1.01554e+00  5.64190e-01
0068 -3.70117e-01  1.08000e+00  9.50000e-01  1.20000e+00  1.00000e-02  5.00000e-01  1.12838e+00  1.01554e+00  5.64190e-01
0069 -3.68164e-01  1.08000e+00  9.50000e-01  1.20000e+00  1.00000e-02  5.00000e-01  1.12838e+00  1.01554e+00  5.64190e-01
0070 -3.66211e-01  1.08000e+00  9.50000e-01  1.20000e+00  1.00000e-02  5.00000e-01  1.12838e+00  1.01554e+00  5.64190e-01
0071 -3.64258e-01  1.08000e+00  9.50000e-01  1.20000e+00  1.00000e-02  5.00000e-01  1.12838e+00  1.01554e+00  5.64190e-01
0072 -3.62305e-01  1.08000e+00  9.50000e-01  1.20000e+00  1.00000e-02  5.00000e-01  1.12838e+00  1.01554e+00  5.64190e-01
0073 -3.60352e-01  1.08000e+00  9.50000e-01  1.20000e+00  1.00000e-02  5.00000e-01  1.12838e+00  1.01554e+00  5.64190e-01
0074 -3.58398e-01  1.08000e+00  9.50000e-01  1.20000e+00  1.00000e-02  5.00000e-01  1.12838e+00  1.01554e+00  5.64190e-01
0075 -3.56445e-01  1.08000e+00  9.50000e-01  1.20000e+00  1.00000e-02  5.00000e-01  1.12838e+00  1.01554e+00  5.64190e-01
0076 -3.54492e-01  1.08000e+00  9.50000e-01  1.20000e+00  1.00000e-02  5.00000e-01  1.12838e+00  1.01554e+00  5.64190e-01
0077 -3.52539e-01  1.08000e+00  9.50000e-01  1.20000e+00  1.00000e-02  5.00000e-01  1.12838e+00  1.01554e+00  5.64190e-01
0078 -3.50586e-01  1.08000e+00  9.50000e-01  1.20000e+00  1.00000e-02  5.00000e-01  1.12838e+00  1.01554e+00  5.64190e-01
0079 -3.48633e-01  1.08000e+00  9.50000e-01  1.20000e+00  1.00000e-02  5.00000e-01  1.12838e+00  1.01554e+00  5.64190e-01
0080 -3.46680e-01  1.08000e+00  9.50000e-01  1.20000e+00  1.00000e-02  5.00000e-01  1.12838e+00  1.01554e+00  5.64190e-01
0081 -3.44727e-01  1.08000e+00  9.50000e-01  1.20000e+00  1.00000e-02  5.00000e-01  1.12838e+00  1.01554e+00  5.64190e-01
0082 -3.42773e-01  1.08000e+00  9.50000e-01  1.20000e+00  1.00000e-02  5.00000e-01  1.12838e+00  1.01554e+00  5.64190e-01
0083 -3.40820e-01  1.08000e+00  9.50000e-01  1.20000e+00  1.00000e-02  5.00000e-01  1.12838e+00  1.01554e+00  5.64190e-01
0084 -3.38867e-01  1.08000e+00  9.50000e-01  1.20000e+00  1.00000e-02  5.00000e-01  1.12838e+00  1.01554e+00  5.64190e-01
0085 -3.36914e-01  1.08000e+00  9.50000e-01  1.20000e+00  1.00000e-02  5.00000e-01  1.12838e+00  1.01554e+00  5.64190e-01
0086 -3.34961e-01  1.08000e+00  9.50000e-01  1.20000e+00  1.00000e-02  5.00000e-01  1.12838e+00  1.01554e+00  5.64190e-01
0087 -3.33008e-01  1.08000e+00  9.50000e-01  1.20000e+00  1.00000e-02  5.00000e-01  1.12838e+00  1.01554e+00  5.64190e-01
0088 -3.31055e-01  1.08000e+00  9.50000e-01  1.20000e+00  1.00000e-02  5.00000e-01  1.12838e+00  1.01554e+00  5.64190e-01
0089 -3.29102e-01  1.08000e+00  9.50000e-01  1.20000e+00  1.00000e-02  5.00000e-01  1.12838e+00  1.01554e+00  5.64190e-01
0090 -3.27148e-01  1.08000e+00  9.50000e-01  1.20000e+00  1.00000e-02  5.00000e-01  1.12838e+00  1.01554e+00  5.64190e-01
0091 -3.25195e-01  1.08000e+00  9.50000e-01  1.20000e+00  1.00000e-02  5.00000e-01  1.12838e+00  1.01554e+00  5.64190e-01
0092 -3.23242e-01  1.08000e+00  9.50000e-01  1.20000e+00  1.00000e-02  5.00000e-01  1.12838e+00  1.01554e+00  5.64190e-01
0093 -3.21289e-01  1.08000e+00  9.50000e-01  1.20000e+00  1.00000e-02  5.00000e-01  1.12838e+00  1.01554e+00  5.64190e-01
0094 -3.19336e-01  1.08000e+00  9.50000e-01  1.20000e+00  1.00000e-02  5.00000e-01  1.12838e+00  1.01554e+00  5.64190e-01
0095 -3.17383e-01  1.08000e+00  9.50000e-01  1.20000e+00  1.00000e-02  5.00000e-01  1.12838e+00  1.01554e+00  5.64190e-01
0096 -3.15430e-01  1.08000e+00  9.50000e-01  1.20000e+00  1.00000e-02  5.00000e-01  1.12838e+00  1.01554e+00  5.64190e-01
0097 -3.13477e-01  1.08000e+00  9.50000e-01  1.20000e+00  1.00000e-02  5.00000e-01  1.12838e+00  1.01554e+00  5.64190e-01
0098 -3.11523e-01  1.08000e+00  9.50000e-01  1.20000e+00  1.00000e-02  5.00000e-01  1.12838e+00  1.01554e+00  5.64190e-01
0099 -3.09570e-01  1.08000e+00  9.50000e-01  1.20000e+00  1.00000e-02  5.00000e-01  1.12838e+00  1.01554e+00  5.64190e-01
0100 -3.07617e-01  1.08000e+00  9.50000e-01  1.20000e+00  1.00000e-02  5.00000e-01  1.12838e+00  1.01554e+00  5.64190e-01
0101 -3.05664e-01  1.08000e+00  9.50000e-01  1.20000e+00  1.00000e-02  5.00000e-01  1.12838e+00  1.01554e+00  5.64190e-01
0102 -3.03711e-01  1.08000e+00  9.50000e-01  1.20000e+00  1.00000e-02  5.00000e-01  1.12838e+00  1.01554e+00  5.64190e-01
0103 -3.01758e-01  1.08000e+00  9.50000e-01  1.20000e+00  1.00000e-02  5.00000e-01  1.12838e+00  1.01554e+00  5.64190e-01
0104 -2.99805e-01  1.08000e+00  9.50000e-01  1.20000e+00  1.00000e-02  5.00000e-01  1.12838e+00  1.01554e+00  5.64190e-01
0105 -2.97852e-01  1.08000e+00  9.50000e-01  1.20000e+00  1.00000e-02  5.00000e-01  1.12838e+00  1.01554e+00  5.64190e-01
0106 -2.95898e-01  1.08000e+00  9.50000e-01  1.20000e+00  1.00000e-02  5.00000e-01  1.12838e+00  1.01554e+00  5.64190e-01
0107 -2.93945e-01  1.08000e+00  9.50000e-01  1.20000e+00  1.00000e-02  5.00000e-01  1.12838e+00  1.01554e+00  5.64190e-01
0108 -2.91992e-01  1.08000e+00  9.50000e-01  1.20000e+00  1.00000e-02  5.00000e-01  1.12838e+00  1.01554e+00  5.64190e-01
0109 -2.90039e-01  1.08000e+00  9.50000e-01  1.20000e+00  1.00000e-02  5.00000e-01  1.12838e+00  1.01554e+00  5.64190e-01
0110 -2.88086e-01  1.08000e+00  9.50000e-01  1.20000e+00  1.00000e-02  5.00000e-01  1.12838e+00  1.01554e+00  5.64190e-01
0111 -2.86133e-01  1.08000e+00  9.50000e-01  1.20000e+00  1.00000e-02  5.00000e-01  1.12838e+00  1.01554e+00  5.64190e-01
0112 -2.84180e-01  1.08000e+00  9.50000e-01  1.20000e+00  1.00000e-02  5.00000e-01  1.12838e+00  1.01554e+00  5.64190e-01
0113 -2.82227e-01  1.08000e+00  9.50000e-01  1.20000e+00  1.00000e-02  5.00000e-01  1.12838e+00  1.01554e+00  5.64190e-01
0114 -2.80273e-01  1.08000e+00  9.50000e-01  1.20000e+00  1.00000e-02  5.00000e-01  1.12838e+00  1.01554e+00  5.64190e-01
0115 -2.78320e-01  1.08000e+00  9.50000e-01  1.20000e+00  1.00000e-02  5.00000e-01  1.12838e+00  1.01554e+00  5.64190e-01
0116 -2.76367e-01  1.08000e+00  9.50000e-01  1.20000e+00  1.00000e-02  5.00000e-01  1.12838e+00  1.01554e+00  5.64190e-01
0117 -2.74414e-01  1.08000e+00  9.50000e-01  1.20000e+00  1.00000e-02  5.00000e-01  1.12838e+00  1.01554e+00  5.64190e-01
0118 -2.72461e-01  1.08000e+00  9.50000e-01  1.20000e+00  1.00000e-02  5.00000e-01  1.12838e+00  1.01554e+00  5.64190e-01
0119 -2.70508e-01  1.08000e+00  9.50000e-01  1.20000e+00  1.00000e-02  5.00000e-01  1.12838e+00  1.01554e+00  5.64190e-01
0120 -2.68555e-01  1.08000e+00  9.50000e-01  1.20000e+00  1.00000e-02  5.00000e-01  1.12838e+00  1.01554e+00  5.64190e-01
0121 -2.66602e-01  1.08000e+00  9.50000e-01  1.20000e+00  1.00000e-02  5.00000e-01  1.12838e+00  1.01554e+00  5.64190e-01
0122 -2.64648e-01  1.08000e+00  9.50000e-01  1.20000e+00  1.00000e-02  5.00000e-01  1.12838e+00  1.01554e+00  5.64190e-01
0123 -2.62695e-01  1.08000e+00  9.50000e-01  1.20000e+00  1.00000e-02  5.00000e-01  1.12838e+00  1.01554e+00  5.64190e-01
0124 -2.60742e-01  1.08000e+00  9.50000e-01  1.20000e+00  1.00000e-02  5.00000e-01  1.12838e+00  1.01554e+00  5.64190e-01
0125 -2.58789e-01  1.08000e+00  9.50000e-01  1.20000e+00  1.00000e-02  5.00000e-01  1.12838e+00  1.01554e+00  5.64190e-01
0126 -2.56836e-01  1.08000e+00  9.50000e-01  1.20000e+00  1.00000e-02  5.00000e-01  1.12838e+00  1.01554e+00  5.64190e-01
0127 -2.54883e-01  1.08000e+00  9.50000e-01  1.20000e+00  1.00000e-02  5.00000e-01  1.12838e+00  1.01554e+00  5.64190e-01
0128 -2.52930e-01  1.08000e+00  9.50000e-01  1.20000e+00  1.00000e-02  5.00000e-01  1.12838e+00  1.01554e+00  5.64190e-01
0129 -2.50977e-01  1.08000e+00  9.50000e-01  1.20000e+00  1.00000e-02  5.00000e-01  1.12838e+00  1.01554e+00  5.64190e-01
0130 -2.49023e-01  1.08000e+00  9.50000e-01  1.20000e+00  1.00000e-02  5.00000e-01  1.12838e+00  1.01554e+00  5.64190e-01
0131 -2.47070e-01  1.08000e+00  9.50000e-01  1.20000e+00  1.00000e-02  5.00000e-01  1.12838e+00  1.01554e+00  5.64190e-01
0132 -2.45117e-01  1.08000e+00  9.50000e-01  1.20000e+00  1.00000e-02  5.00000e-01  1.12838e+00  1.01554e+00  5.64190e-01
0133 -2.43164e-01  1.08000e+00  9.50000e-01  1.20000e+00  1.00000e-02  5.00000e-01  1.12838e+00  1.01554e+00  5.64190e-01
0134 -2.41211e-01  1.08000e+00  9.50000e-01  1.20000e+00  1.00000e-02  5.00000e-01  1.12838e+00  1.01554e+00  5.64190e-01
0135 -2.39258e-01  1.08000e+00  9.50000e-01  1.20000e+00  1.00000e-02  5.00000e-01  1.12838e+00  1.01554e+00  5.64190e-01
0136 -2.37305e-01  1.08000e+00  9.50000e-01  1.20000e+00  1.00000e-02  5.00000e-01  1.12838e+00  1.01554e+00  5.64190e-01
0137 -2.35352e-01  1.08000e+00  9.50000e-01  1.20000e+00  1.00000e-02  5.00000e-01  1.12838e+00  1.01554e+00  5.64190e-01
0138 -2.33398e-01  1.08000e+00  9.50000e-01  1.20000e+00  1.00000e-02  5.00000e-01  1.12838e+00  1.01554e+00  5.64190e-01
0139 -2.31445e-01  1.08000e+00  9.50000e-01  1.20000e+00  1.00000e-02  5.00000e-01  1.12838e+00  1.01554e+00  5.64190e-01
0140 -2.29492e-01  1.08000e+00  9.50000e-01  1.20000e+00  1.00000e-02  5.00000e-01  1.12838e+00  1.01554e+00  5.64190e-01
0141 -2.27539e-01  1.08000e+00  9.50000e-01  1.20000e+00  1.00000e-02  5.00000e-01  1.12838e+00  1.01554e+00  5.64190e-01
0142 -2.25586e-01  1.08000e+00  9.50000e-01  1.20000e+00  1.00000e-02  5.00000e-01  1.12838e+00  1.01554e+00  5.64190e-01
0143 -2.23633e-01  1.08000e+00  9.50000e-01  1.20000e+00  1.00000e-02  5.00000e-01  1.12838e+00  1.01554e+00  5.64190e-01
0144 -2.21680e-01  1.08000e+00  9.50000e-01  1.20000e+00  1.00000e-02  5.00000e-01  1.12838e+00  1.01554e+00  5.64190e-01
0145 -2.19727e-01  1.08000e+00  9.50000e-01  1.20000e+00  1.00000e-02  5.00000e-01  1.12838e+00  1.01554e+00  5.64190e-01
0146 -2.17773e-01  1.08000e+00  9.50000e-01  1.20000e+00  1.00000e-02  5.00000e-01  1.12838e+00  1.01554e+00  5.64190e-01
0147 -2.15820e-01  1.08000e+00  9.50000e-01  1.20000e+00  1.00001e-02  5.00000e-01  1.12838e+00  1.01554e+00  5.64190e-01
0148 -2.13867e-01  1.08001e+00  9.50014e-01  1.19998e+00  1.00076e-02  5.00004e-01  1.12838e+00  1.01555e+00  5.64197e-01
0149 -2.11914e-01  1.08049e+00  9.50716e-01  1.19917e+00  1.03996e-02  5.00222e-01  1.12838e+00  1.01625e+00  5.64582e-01
0150 -2.09961e-01  1.09406e+00  9.70815e-01  1.17656e+00  2.10031e-02  5.06113e-01  1.12838e+00  1.03545e+00  5.75252e-01
0151 -2.08008e-01  1.19611e+00  1.13598e+00  1.00558e+00  9.26971e-02  5.45943e-01  1.12838e+00  1.17526e+00  6.52922e-01
0152 -2.06055e-01  1.35067e+00  1.39769e+00  7.83357e-01  1.77611e-01  5.93117e-01  1.12838e+00  1.38435e+00  7.69085e-01
0153 -2.04102e-01  1.37752e+00  1.44436e+00  6.78357e-01  2.17721e-01  6.15401e-01  1.12838e+00  1.41827e+00  7.87928e-01
0154 -2.02148e-01  1.40179e+00  1.48693e+00  6.88452e-01  2.12788e-01  6.12660e-01  1.12838e+00  1.45090e+00  8.06055e-01
0155 -2.00195e-01  1.40577e+00  1.49429e+00  6.93255e-01  2.10562e-01  6.11423e-01  1.12838e+00  1.45802e+00  8.10009e-01
0156 -1.98242e-01  1.40613e+00  1.49492e+00  6.97090e-01  2.09688e-01  6.10938e-01  1.12838e+00  1.45738e+00  8.09653e-01
0157 -1.96289e-01  1.40476e+00  1.49248e+00  6.93416e-01  2.11549e-01  6.11972e-01  1.12838e+00  1.45455e+00  8.08085e-01
0158 -1.94336e-01  1.39933e+00  1.48290e+00  6.85636e-01  2.14074e-01  6.13375e-01  1.12838e+00  1.44777e+00  8.04318e-01
0159 -1.92383e-01  1.39648e+00  1.47788e+00  6.81912e-01  2.14964e-01  6.13869e-01  1.12838e+00  1.44478e+00  8.02656e-01
0160 -1.90430e-01  1.39680e+00  1.47844e+00  6.82204e-01  2.14860e-01  6.13811e-01  1.12838e+00  1.44516e+00  8.02867e-01
0161 -1.88477e-01  1.39931e+00  1.48288e+00  6.85755e-01  2.13826e-01  6.13237e-01  1.12838e+00  1.44807e+00  8.04481e-01
0162 -1.86523e-01  1.40307e+00  1.48954e+00  6.91276e-01  2.12015e-01  6.12230e-01  1.12838e+00  1.45284e+00  8.07135e-01
0163 -1.84570e-01  1.40369e+00  1.49066e+00  6.92351e-01  2.11518e-01  6.11954e-01  1.12838e+00  1.45390e+00  8.07723e-01
0164 -1.82617e-01  1.40317e+00  1.48973e+00  6.91679e-01  2.11686e-01  6.12048e-01  1.12838e+00  1.45333e+00  8.07404e-01
0165 -1.80664e-01  1.40076e+00  1.48546e+00  6.88120e-01  2.12937e-01  6.12743e-01  1.12838e+00  1.45013e+00  8.05629e-01
0166 -1.78711e-01  1.39875e+00  1.48192e+00  6.85073e-01  2.14084e-01  6.13380e-01  1.12838e+00  1.44734e+00  8.04077e-01
0167 -1.76758e-01  1.39869e+00  1.48182e+00  6.84958e-01  2.14124e-01  6.13402e-01  1.12838e+00  1.44726e+00  8.04031e-01
0168 -1.74805e-01  1.39934e+00  1.48297e+00  6.85909e-01  2.13755e-01  6.13197e-01  1.12838e+00  1.44817e+00  8.04540e-01
0169 -1.72852e-01  1.40138e+00  1.48657e+00  6.88916e-01  2.12674e-01  6.12597e-01  1.12838e+00  1.45091e+00  8.06062e-01
0170 -1.70898e-01  1.40231e+00  1.48821e+00  6.90257e-01  2.12231e-01  6.12351e-01  1.12838e+00  1.45209e+00  8.06719e-01
0171 -1.68945e-01  1.40222e+00  1.48805e+00  6.90137e-01  2.12286e-01  6.12381e-01  1.12838e+00  1.45195e+00  8.06642e-01
0172 -1.66992e-01  1.40131e+00  1.48646e+00  6.88847e-01  2.12739e-01  6.12633e-01  1.12838e+00  1.45077e+00  8.05981e-01
0173 -1.65039e-01  1.39988e+00  1.48392e+00  6.86783e-01  2.13441e-01  6.13023e-01  1.12838e+00  1.44890e+00  8.04944e-01
0174 -1.63086e-01  1.39960e+00  1.48342e+00  6.86381e-01  2.13579e-01  6.13099e-01  1.12838e+00  1.44852e+00  8.04734e-01
0175 -1.61133e-01  1.39977e+00  1.48373e+00  6.86646e-01  2.13490e-01  6.13050e-01  1.12838e+00  1.44874e+00  8.04854e-01
0176 -1.59180e-01  1.40070e+00  1.48538e+00  6.88003e-01  2.13023e-01  6.12791e-01  1.12838e+00  1.44996e+00  8.05531e-01
0177 -1.57227e-01  1.40151e+00  1.48680e+00  6.89142e-01  2.12624e-01  6.12569e-01  1.12838e+00  1.45102e+00  8.06120e-01
0178 -1.55273e-01  1.40154e+00  1.48686e+00  6.89156e-01  2.12618e-01  6.12566e-01  1.12838e+00  1.45107e+00  8.06149e-01
0179 -1.53320e-01  1.40131e+00  1.48645e+00  6.88757e-01  2.12758e-01  6.12643e-01  1.12838e+00  1.45076e+00  8.05975e-01
0180 -1.51367e-01  1.40055e+00  1.48510e+00  6.87594e-01  2.13164e-01  6.12869e-01  1.12838e+00  1.44974e+00  8.05410e-01
0181 -1.49414e-01  1.40021e+00  1.48450e+00  6.87081e-01  2.13338e-01  6.12966e-01  1.12838e+00  1.44929e+00  8.05163e-01
0182 -1.47461e-01  1.40023e+00  1.48455e+00  6.87146e-01  2.13312e-01  6.12951e-01  1.12838e+00  1.44933e+00  8.05184e-01
0183 -1.45508e-01  1.40056e+00  1.48512e+00  6.87668e-01  2.13127e-01  6.12848e-01  1.12838e+00  1.44977e+00  8.05426e-01
0184 -1.43555e-01  1.40107e+00  1.48603e+00  6.88473e-01  2.12847e-01  6.12693e-01  1.12838e+00  1.45045e+00  8.05803e-01
0185 -1.41602e-01  1.40117e+00  1.48620e+00  6.88647e-01  2.12787e-01  6.12660e-01  1.12838e+00  1.45057e+00  8.05874e-01
0186 -1.39648e-01  1.40110e+00  1.48608e+00  6.88546e-01  2.12822e-01  6.12679e-01  1.12838e+00  1.45048e+00  8.05822e-01
0187 -1.37695e-01  1.40076e+00  1.48547e+00  6.88009e-01  2.13009e-01  6.12783e-01  1.12838e+00  1.45003e+00  8.05571e-01
0188 -1.35742e-01  1.40047e+00  1.48498e+00  6.87549e-01  2.13169e-01  6.12872e-01  1.12838e+00  1.44966e+00  8.05364e-01
0189 -1.33789e-01  1.40048e+00  1.48499e+00  6.87493e-01  2.13190e-01  6.12883e-01  1.12838e+00  1.44966e+00  8.05369e-01
0190 -1.31836e-01  1.40060e+00  1.48520e+00  6.87631e-01  2.13144e-01  6.12858e-01  1.12838e+00  1.44982e+00  8.05457e-01
0191 -1.29883e-01  1.40089e+00  1.48572e+00  6.88072e-01  2.12992e-01  6.12773e-01  1.12838e+00  1.45021e+00  8.05673e-01
0192 -1.27930e-01  1.40102e+00  1.48595e+00  6.88269e-01  2.12925e-01  6.12736e-01  1.12838e+00  1.45038e+00  8.05765e-01
0193 -1.25977e-01  1.40098e+00  1.48588e+00  6.88289e-01  2.12918e-01  6.12732e-01  1.12838e+00  1.45032e+00  8.05735e-01
0194 -1.24023e-01  1.40083e+00  1.48561e+00  6.88132e-01  2.12972e-01  6.12762e-01  1.12838e+00  1.45012e+00  8.05624e-01
0195 -1.22070e-01  1.40060e+00  1.48521e+00  6.87855e-01  2.13067e-01  6.12815e-01  1.12838e+00  1.44983e+00  8.05460e-01
0196 -1.20117e-01  1.40054e+00  1.48510e+00  6.87802e-01  2.13084e-01  6.12825e-01  1.12838e+00  1.44975e+00  8.05417e-01
0197 -1.18164e-01  1.40057e+00  1.48516e+00  6.87835e-01  2.13072e-01  6.12818e-01  1.12838e+00  1.44980e+00  8.05445e-01
0198 -1.16211e-01  1.40073e+00  1.48544e+00  6.88006e-01  2.13011e-01  6.12784e-01  1.12838e+00  1.45001e+00  8.05561e-01
0199 -1.14258e-01  1.40086e+00  1.48568e+00  6.88153e-01  2.12959e-01  6.12755e-01  1.12838e+00  1.45019e+00  8.05659e-01
0200 -1.12305e-01  1.40090e+00  1.48574e+00  6.88137e-01  2.12965e-01  6.12758e-01  1.12838e+00  1.45023e+00  8.05683e-01
0201 -1.10352e-01  1.40086e+00  1.48567e+00  6.88060e-01  2.12991e-01  6.12773e-01  1.12838e+00  1.45017e+00  8.05651e-01
0202 -1.08398e-01  1.40073e+00  1.48544e+00  6.87915e-01  2.13042e-01  6.12801e-01  1.12838e+00  1.45000e+00  8.05557e-01
0203 -1.06445e-01  1.40066e+00  1.48532e+00  6.87858e-01  2.13063e-01  6.12813e-01  1.12838e+00  1.44991e+00  8.05504e-01
0204 -1.04492e-01  1.40064e+00  1.48528e+00  6.87902e-01  2.13048e-01  6.12804e-01  1.12838e+00  1.44987e+00  8.05486e-01
0205 -1.02539e-01  1.40068e+00  1.48536e+00  6.88007e-01  2.13012e-01  6.12784e-01  1.12838e+00  1.44993e+00  8.05517e-01
0206 -1.00586e-01  1.40077e+00  1.48552e+00  6.88117e-01  2.12972e-01  6.12762e-01  1.12838e+00  1.45005e+00  8.05581e-01
0207 -9.86328e-02  1.40081e+00  1.48559e+00  6.88125e-01  2.12969e-01  6.12760e-01  1.12838e+00  1.45009e+00  8.05608e-01
0208 -9.66797e-02  1.40083e+00  1.48562e+00  6.88055e-01  2.12992e-01  6.12773e-01  1.12838e+00  1.45012e+00  8.05620e-01
0209 -9.47266e-02  1.40080e+00  1.48557e+00  6.87937e-01  2.13031e-01  6.12795e-01  1.12838e+00  1.45008e+00  8.05599e-01
0210 -9.27734e-02  1.40075e+00  1.48548e+00  6.87839e-01  2.13063e-01  6.12812e-01  1.12838e+00  1.45002e+00  8.05564e-01
0211 -9.08203e-02  1.40074e+00  1.48546e+00  6.87848e-01  2.13059e-01  6.12810e-01  1.12838e+00  1.45000e+00  8.05555e-01
0212 -8.88672e-02  1.40073e+00  1.48544e+00  6.87930e-01  2.13028e-01  6.12794e-01  1.12838e+00  1.44998e+00  8.05547e-01
0213 -8.69141e-02  1.40074e+00  1.48546e+00  6.88052e-01  2.12984e-01  6.12772e-01  1.12838e+00  1.44999e+00  8.05555e-01
0214 -8.49609e-02  1.40076e+00  1.48549e+00  6.88139e-01  2.12951e-01  6.12757e-01  1.12838e+00  1.45001e+00  8.05568e-01
0215 -8.30078e-02  1.40074e+00  1.48547e+00  6.88131e-01  2.12955e-01  6.12754e-01  1.12838e+00  1.44999e+00  8.05558e-01
0216 -8.10547e-02  1.40075e+00  1.48548e+00  6.88053e-01  2.12985e-01  6.12767e-01  1.12838e+00  1.45001e+00  8.05550e-01
0217 -7.91016e-02  1.40078e+00  1.48552e+00  6.87912e-01  2.13040e-01  6.12780e-01  1.12838e+00  1.45004e+00  8.05553e-01
0218 -7.71484e-02  1.40080e+00  1.48556e+00  6.87808e-01  2.13086e-01  6.12785e-01  1.12838e+00  1.45007e+00  8.05556e-01
0219 -7.51953e-02  1.40084e+00  1.48564e+00  6.87799e-01  2.13085e-01  6.12787e-01  1.12838e+00  1.45014e+00  8.05579e-01
0220 -7.32422e-02  1.40086e+00  1.48567e+00  6.87847e-01  2.13065e-01  6.12794e-01  1.12838e+00  1.45013e+00  8.05605e-01
0221 -7.12891e-02  1.40082e+00  1.48560e+00  6.87984e-01  2.12977e-01  6.12834e-01  1.12838e+00  1.45004e+00  8.05660e-01
0222 -6.93359e-02  1.40075e+00  1.48547e+00  6.88124e-01  2.12854e-01  6.12931e-01  1.12838e+00  1.44986e+00  8.05763e-01
0223 -6.73828e-02  1.40068e+00  1.48536e+00  6.88181e-01  2.12762e-01  6.13051e-01  1.12838e+00  1.44971e+00  8.05866e-01
0224 -6.54297e-02  1.40065e+00  1.48530e+00  6.88125e-01  2.12752e-01  6.13128e-01  1.12838e+00  1.44961e+00  8.05913e-01
0225 -6.34766e-02  1.40066e+00  1.48532e+00  6.88077e-01  2.12759e-01  6.13139e-01  1.12838e+00  1.44962e+00  8.05947e-01
0226 -6.15234e-02  1.40077e+00  1.48552e+00  6.87890e-01  2.12995e-01  6.12878e-01  1.12838e+00  1.44997e+00  8.05668e-01
0227 -5.95703e-02  1.40086e+00  1.48566e+00  6.87774e-01  2.15124e-01  6.09161e-01  1.12838e+00  1.45257e+00  8.01305e-01
0228 -5.76172e-02  1.40086e+00  1.48569e+00  6.87825e-01  2.25489e-01  5.89965e-01  1.12838e+00  1.46490e+00  7.78614e-01
0229 -5.56641e-02  1.40079e+00  1.48564e+00  6.87954e-01  2.48322e-01  5.44533e-01  1.12838e+00  1.49189e+00  7.24835e-01
0230 -5.37109e-02  1.40078e+00  1.48570e+00  6.88012e-01  2.76261e-01  4.82684e-01  1.12838e+00  1.52491e+00  6.51616e-01
0231 -5.17578e-02  1.40079e+00  1.48580e+00  6.88050e-01  2.99559e-01  4.24357e-01  1.12838e+00  1.55245e+00  5.82565e-01
0232 -4.98047e-02  1.40076e+00  1.48577e+00  6.88080e-01  3.14849e-01  3.81565e-01  1.12838e+00  1.57049e+00  5.31871e-01
0233 -4.78516e-02  1.40075e+00  1.48577e+00  6.88091e-01  3.23368e-01  3.55650e-01  1.12838e+00  1.58058e+00  5.01267e-01
0234 -4.58984e-02  1.40082e+00  1.48591e+00  6.87985e-01  3.27535e-01  3.42491e-01  1.12838e+00  1.58560e+00  4.85637e-01
0235 -4.39453e-02  1.40100e+00  1.48623e+00  6.87789e-01  3.29368e-01  3.36839e-01  1.12838e+00  1.58788e+00  4.78977e-01
0236 -4.19922e-02  1.40116e+00  1.48650e+00  6.87626e-01  3.30039e-01  3.34773e-01  1.12838e+00  1.58881e+00  4.76716e-01
0237 -4.00391e-02  1.40121e+00  1.48660e+00  6.87555e-01  3.30206e-01  3.34256e-01  1.12838e+00  1.58910e+00  4.76006e-01
0238 -3.80859e-02  1.40119e+00  1.48657e+00  6.87504e-01  3.30268e-01  3.34140e-01  1.12838e+00  1.58906e+00  4.75829e-01
0239 -3.61328e-02  1.40107e+00  1.48636e+00  6.87652e-01  3.30203e-01  3.34079e-01  1.12838e+00  1.58889e+00  4.75736e-01
0240 -3.41797e-02  1.40085e+00  1.48599e+00  6.87947e-01  3.30094e-01  3.33934e-01  1.12838e+00  1.58861e+00  4.75540e-01
0241 -3.22266e-02  1.40073e+00  1.48577e+00  6.88152e-01  3.30080e-01  3.33596e-01  1.12838e+00  1.58852e+00  4.75143e-01
0242 -3.02734e-02  1.40076e+00  1.48583e+00  6.88230e-01  3.30107e-01  3.33318e-01  1.12838e+00  1.58858e+00  4.74816e-01
0243 -2.83203e-02  1.40085e+00  1.48598e+00  6.88141e-01  3.30135e-01  3.33255e-01  1.12838e+00  1.58867e+00  4.74751e-01
0244 -2.63672e-02  1.40112e+00  1.48647e+00  6.87760e-01  3.30225e-01  3.33382e-01  1.12838e+00  1.58895e+00  4.74948e-01
0245 -2.44141e-02  1.40139e+00  1.48694e+00  6.87378e-01  3.30188e-01  3.33796e-01  1.12838e+00  1.58914e+00  4.75498e-01
0246 -2.24609e-02  1.40149e+00  1.48713e+00  6.87212e-01  3.30104e-01  3.34174e-01  1.12838e+00  1.58904e+00  4.75982e-01
0247 -2.05078e-02  1.40153e+00  1.48722e+00  6.87262e-01  3.29976e-01  3.34295e-01  1.12838e+00  1.58892e+00  4.76110e-01
0248 -1.85547e-02  1.40139e+00  1.48697e+00  6.87517e-01  3.29765e-01  3.34233e-01  1.12838e+00  1.58856e+00  4.75998e-01
0249 -1.66016e-02  1.40118e+00  1.48660e+00  6.87932e-01  3.29605e-01  3.33802e-01  1.12838e+00  1.58818e+00  4.75430e-01
0250 -1.46484e-02  1.40113e+00  1.48652e+00  6.88166e-01  3.29570e-01  3.33221e-01  1.12838e+00  1.58809e+00  4.74746e-01
0251 -1.26953e-02  1.40112e+00  1.48651e+00  6.88155e-01  3.29563e-01  3.33010e-01  1.12838e+00  1.58804e+00  4.74460e-01
0252 -1.07422e-02  1.40125e+00  1.48674e+00  6.87996e-01  3.29574e-01  3.33129e-01  1.12838e+00  1.58814e+00  4.74627e-01
0253 -8.78906e-03  1.40198e+00  1.48803e+00  6.87206e-01  3.29403e-01  3.33825e-01  1.12838e+00  1.58847e+00  4.75289e-01
0254 -6.83594e-03  1.40519e+00  1.49371e+00  6.85492e-01  3.26265e-01  3.33664e-01  1.12838e+00  1.58623e+00  4.76315e-01
0255 -4.88281e-03  1.42544e+00  1.52989e+00  6.78484e-01  3.01469e-01  3.25084e-01  1.12838e+00  1.56534e+00  4.68466e-01
0256 -2.92969e-03  1.50032e+00  1.66831e+00  6.46629e-01  2.18658e-01  3.00266e-01  1.12838e+00  1.49644e+00  4.47698e-01
0257 -9.76562e-04  1.60281e+00  1.86253e+00  6.03140e-01  1.12083e-01  2.68655e-01  1.12838e+00  1.40318e+00  4.19951e-01
0258  9.76562e-04  1.64738e+00  1.95510e+00  5.81558e-01  5.77826e-02  2.52398e-01  1.12838e+00  1.35938e+00  4.06808e-01
0259  2.92969e-03  1.66320e+00  1.98391e+00  5.79176e-01  5.22358e-02  2.50710e-01  1.12838e+00  1.34495e+00  4.02536e-01
0260  4.88281e-03  1.66488e+00  1.98472e+00  5.78545e-01  5.07457e-02  2.50260e-01  1.12838e+00  1.34417e+00  4.02314e-01
0261  6.83594e-03  1.66446e+00  1.98349e+00  5.78362e-01  5.02037e-02  2.50109e-01  1.12838e+00  1.34481e+00  4.02499e-01
0262  8.78906e-03  1.66305e+00  1.98086e+00  5.78064e-01  4.91910e-02  2.49829e-01  1.12838e+00  1.34619e+00  4.02895e-01
0263  1.07422e-02  1.66146e+00  1.97931e+00  5.77859e-01  4.84164e-02  2.49613e-01  1.12838e+00  1.34718e+00  4.03183e-01
0264  1.26953e-02  1.66100e+00  1.97932e+00  5.77867e-01  4.84072e-02  2.49614e-01  1.12838e+00  1.34726e+00  4.03210e-01
0265  1.46484e-02  1.66102e+00  1.97984e+00  5.77973e-01  4.86595e-02  2.49694e-01  1.12838e+00  1.34698e+00  4.03124e-01
0266  1.66016e-02  1.66176e+00  1.98143e+00  5.78269e-01  4.95205e-02  2.49950e-01  1.12838e+00  1.34610e+00  4.02866e-01
0267  1.85547e-02  1.66292e+00  1.98275e+00  5.78488e-01  5.03179e-02  2.50167e-01  1.12838e+00  1.34529e+00  4.02652e-01
0268  2.05078e-02  1.66350e+00  1.98288e+00  5.78494e-01  5.04123e-02  2.50185e-01  1.12838e+00  1.34518e+00  4.02633e-01
0269  2.24609e-02  1.66355e+00  1.98261e+00  5.78467e-01  5.02692e-02  2.50138e-01  1.12838e+00  1.34527e+00  4.02668e-01
0270  2.44141e-02  1.66319e+00  1.98163e+00  5.78267e-01  4.97178e-02  2.49959e-01  1.12838e+00  1.34579e+00  4.02843e-01
0271  2.63672e-02  1.66229e+00  1.98051e+00  5.78041e-01  4.90357e-02  2.49752e-01  1.12838e+00  1.34647e+00  4.03052e-01
0272  2.83203e-02  1.66174e+00  1.98028e+00  5.77992e-01  4.88695e-02  2.49709e-01  1.12838e+00  1.34665e+00  4.03097e-01
0273  3.02734e-02  1.66157e+00  1.98037e+00  5.78032e-01  4.89265e-02  2.49727e-01  1.12838e+00  1.34658e+00  4.03073e-01
0274  3.22266e-02  1.66177e+00  1.98097e+00  5.78143e-01  4.92584e-02  2.49833e-01  1.12838e+00  1.34628e+00  4.02970e-01
0275  3.41797e-02  1.66244e+00  1.98191e+00  5.78320e-01  4.98016e-02  2.50004e-01  1.12838e+00  1.34576e+00  4.02800e-01
0276  3.61328e-02  1.66303e+00  1.98226e+00  5.78400e-01  5.00100e-02  2.50069e-01  1.12838e+00  1.34558e+00  4.02737e-01
0277  3.80859e-02  1.66317e+00  1.98219e+00  5.78410e-01  4.99850e-02  2.50059e-01  1.12838e+00  1.34559e+00  4.02740e-01
0278  4.00391e-02  1.66311e+00  1.98187e+00  5.78343e-01  4.98065e-02  2.50003e-01  1.12838e+00  1.34578e+00  4.02796e-01
0279  4.19922e-02  1.66266e+00  1.98120e+00  5.78224e-01  4.94071e-02  2.49876e-01  1.12838e+00  1.34619e+00  4.02926e-01
0280  4.39453e-02  1.66211e+00  1.98076e+00  5.78123e-01  4.91912e-02  2.49797e-01  1.12838e+00  1.34639e+00  4.03002e-01
0281  4.58984e-02  1.66188e+00  1.98074e+00  5.78121e-01  4.91970e-02  2.49796e-01  1.12838e+00  1.34638e+00  4.03000e-01
0282  4.78516e-02  1.66190e+00  1.98090e+00  5.78139e-01  4.93022e-02  2.49824e-01  1.12838e+00  1.34629e+00  4.02977e-01
0283  4.98047e-02  1.66217e+00  1.98136e+00  5.78217e-01  4.95937e-02  2.49909e-01  1.12838e+00  1.34601e+00  4.02892e-01
0284  5.17578e-02  1.66261e+00  1.98174e+00  5.78299e-01  4.98287e-02  2.49989e-01  1.12838e+00  1.34578e+00  4.02811e-01
0285  5.37109e-02  1.66280e+00  1.98180e+00  5.78329e-01  4.98508e-02  2.50000e-01  1.12838e+00  1.34578e+00  4.02804e-01
0286  5.56641e-02  1.66279e+00  1.98171e+00  5.78316e-01  4.98108e-02  2.49990e-01  1.12838e+00  1.34583e+00  4.02816e-01
0287  5.76172e-02  1.66259e+00  1.98140e+00  5.78270e-01  4.96326e-02  2.49941e-01  1.12838e+00  1.34602e+00  4.02867e-01
0288  5.95703e-02  1.66219e+00  1.98104e+00  5.78215e-01  4.94241e-02  2.49876e-01  1.12838e+00  1.34625e+00  4.02935e-01
0289  6.15234e-02  1.66195e+00  1.98096e+00  5.78205e-01  4.93818e-02  2.49860e-01  1.12838e+00  1.34630e+00  4.02955e-01
0290  6.34766e-02  1.66190e+00  1.98099e+00  5.78211e-01  4.94090e-02  2.49867e-01  1.12838e+00  1.34629e+00  4.02952e-01
0291  6.54297e-02  1.66197e+00  1.98117e+00  5.78250e-01  4.95195e-02  2.49898e-01  1.12838e+00  1.34620e+00  4.02924e-01
0292  6.73828e-02  1.66219e+00  1.98145e+00  5.78312e-01  4.96941e-02  2.49947e-01  1.12838e+00  1.34604e+00  4.02879e-01
0293  6.93359e-02  1.66231e+00  1.98153e+00  5.78325e-01  4.97703e-02  2.49967e-01  1.12838e+00  1.34597e+00  4.02861e-01
0294  7.12891e-02  1.66230e+00  1.98150e+00  5.78323e-01  4.97689e-02  2.49966e-01  1.12838e+00  1.34598e+00  4.02866e-01
0295  7.32422e-02  1.66218e+00  1.98138e+00  5.78301e-01  4.97192e-02  2.49950e-01  1.12838e+00  1.34603e+00  4.02886e-01
0296  7.51953e-02  1.66186e+00  1.98114e+00  5.78251e-01  4.96022e-02  2.49912e-01  1.12838e+00  1.34615e+00  4.02923e-01
0297  7.71484e-02  1.66153e+00  1.98099e+00  5.78217e-01  4.95352e-02  2.49894e-01  1.12838e+00  1.34622e+00  4.02937e-01
0298  7.91016e-02  1.66134e+00  1.98099e+00  5.78218e-01  4.95390e-02  2.49891e-01  1.12838e+00  1.34622e+00  4.02932e-01
0299  8.10547e-02  1.66129e+00  1.98104e+00  5.78225e-01  4.95731e-02  2.49899e-01  1.12838e+00  1.34620e+00  4.02916e-01
0300  8.30078e-02  1.66129e+00  1.98120e+00  5.78254e-01  4.96658e-02  2.49928e-01  1.12838e+00  1.34611e+00  4.02880e-01
0301  8.49609e-02  1.66130e+00  1.98134e+00  5.78289e-01  4.97406e-02  2.49954e-01  1.12838e+00  1.34604e+00  4.02852e-01
0302  8.69141e-02  1.66124e+00  1.98138e+00  5.78307e-01  4.97468e-02  2.49959e-01  1.12838e+00  1.34604e+00  4.02853e-01
0303  8.88672e-02  1.66105e+00  1.98136e+00  5.78304e-01  4.97325e-02  2.49957e-01  1.12838e+00  1.34606e+00  4.02863e-01
0304  9.08203e-02  1.66076e+00  1.98127e+00  5.78293e-01  4.96747e-02  2.49943e-01  1.12838e+00  1.34612e+00  4.02885e-01
0305  9.27734e-02  1.66047e+00  1.98115e+00  5.78275e-01  4.96033e-02  2.49924e-01  1.12838e+00  1.34620e+00  4.02910e-01
0306  9.47266e-02  1.66030e+00  1.98112e+00  5.78269e-01  4.95858e-02  2.49920e-01  1.12838e+00  1.34622e+00  4.02916e-01
0307  9.66797e-02  1.66018e+00  1.98113e+00  5.78271e-01  4.95937e-02  2.49922e-01  1.12838e+00  1.34621e+00  4.02913e-01
0308  9.86328e-02  1.66003e+00  1.98118e+00  5.78283e-01  4.96256e-02  2.49934e-01  1.12838e+00  1.34619e+00  4.02900e-01
0309  1.00586e-01  1.65970e+00  1.98127e+00  5.78304e-01  4.96784e-02  2.49955e-01  1.12838e+00  1.34614e+00  4.02876e-01
0310  1.02539e-01  1.65881e+00  1.98130e+00  5.78306e-01  4.97030e-02  2.49968e-01  1.12838e+00  1.34611e+00  4.02860e-01
0311  1.04492e-01  1.65667e+00  1.98129e+00  5.78304e-01  4.97015e-02  2.49968e-01  1.12838e+00  1.34612e+00  4.02859e-01
0312  1.06445e-01  1.65220e+00  1.98125e+00  5.78296e-01  4.96827e-02  2.49962e-01  1.12838e+00  1.34613e+00  4.02862e-01
0313  1.08398e-01  1.64376e+00  1.98116e+00  5.78277e-01  4.96375e-02  2.49948e-01  1.12838e+00  1.34618e+00  4.02874e-01
0314  1.10352e-01  1.62946e+00  1.98108e+00  5.78256e-01  4.96102e-02  2.49929e-01  1.12838e+00  1.34620e+00  4.02893e-01
0315  1.12305e-01  1.60775e+00  1.98107e+00  5.78250e-01  4.96114e-02  2.49921e-01  1.12838e+00  1.34620e+00  4.02901e-01
0316  1.14258e-01  1.57869e+00  1.98107e+00  5.78252e-01  4.96210e-02  2.49921e-01  1.12838e+00  1.34619e+00  4.02900e-01
0317  1.16211e-01  1.54579e+00  1.98112e+00  5.78260e-01  4.96518e-02  2.49925e-01  1.12838e+00  1.34616e+00  4.02896e-01
0318  1.18164e-01  1.51682e+00  1.98118e+00  5.78270e-01  4.96924e-02  2.49933e-01  1.12838e+00  1.34612e+00  4.02888e-01
0319  1.20117e-01  1.49955e+00  1.98122e+00  5.78283e-01  4.97043e-02  2.49937e-01  1.12838e+00  1.34611e+00  4.02884e-01
0320  1.22070e-01  1.49370e+00  1.98122e+00  5.78285e-01  4.97009e-02  2.49936e-01  1.12838e+00  1.34612e+00  4.02884e-01
0321  1.24023e-01  1.49280e+00  1.98121e+00  5.78283e-01  4.96856e-02  2.49933e-01  1.12838e+00  1.34613e+00  4.02886e-01
0322  1.25977e-01  1.49279e+00  1.98116e+00  5.78276e-01  4.96498e-02  2.49924e-01  1.12838e+00  1.34616e+00  4.02893e-01
0323  1.27930e-01  1.49289e+00  1.98112e+00  5.78269e-01  4.96120e-02  2.49916e-01  1.12838e+00  1.34620e+00  4.02901e-01
0324  1.29883e-01  1.49327e+00  1.98111e+00  5.78271e-01  4.95989e-02  2.49913e-01  1.12838e+00  1.34621e+00  4.02903e-01
0325  1.31836e-01  1.49397e+00  1.98112e+00  5.78272e-01  4.95995e-02  2.49914e-01  1.12838e+00  1.34621e+00  4.02902e-01
0326  1.33789e-01  1.49475e+00  1.98114e+00  5.78277e-01  4.96092e-02  2.49917e-01  1.12838e+00  1.34620e+00  4.02899e-01
0327  1.35742e-01  1.49526e+00  1.98119e+00  5.78287e-01  4.96321e-02  2.49924e-01  1.12838e+00  1.34618e+00  4.02893e-01
0328  1.37695e-01  1.49546e+00  1.98121e+00  5.78290e-01  4.96526e-02  2.49928e-01  1.12838e+00  1.34615e+00  4.02888e-01
0329  1.39648e-01  1.49552e+00  1.98122e+00  5.78286e-01  4.96577e-02  2.49927e-01  1.12838e+00  1.34615e+00  4.02888e-01
0330  1.41602e-01  1.49555e+00  1.98121e+00  5.78282e-01  4.96536e-02  2.49926e-01  1.12838e+00  1.34614e+00  4.02888e-01
0331  1.43555e-01  1.49556e+00  1.98118e+00  5.78271e-01  4.96412e-02  2.49921e-01  1.12838e+00  1.34615e+00  4.02892e-01
0332  1.45508e-01  1.49559e+00  1.98113e+00  5.78257e-01  4.96222e-02  2.49916e-01  1.12838e+00  1.34616e+00  4.02895e-01
0333  1.47461e-01  1.49564e+00  1.98111e+00  5.78248e-01  4.96111e-02  2.49915e-01  1.12838e+00  1.34617e+00  4.02894e-01
0334  1.49414e-01  1.49574e+00  1.98111e+00  5.78246e-01  4.96100e-02  2.49916e-01  1.12838e+00  1.34616e+00  4.02893e-01
0335  1.51367e-01  1.49586e+00  1.98112e+00  5.78246e-01  4.96129e-02  2.49918e-01  1.12838e+00  1.34616e+00  4.02891e-01
0336  1.53320e-01  1.49599e+00  1.98114e+00  5.78249e-01  4.96237e-02  2.49924e-01  1.12838e+00  1.34615e+00  4.02886e-01
0337  1.55273e-01  1.49610e+00  1.98117e+00  5.78254e-01  4.96374e-02  2.49930e-01  1.12838e+00  1.34614e+00  4.02881e-01
0338  1.57227e-01  1.49620e+00  1.98120e+00  5.78263e-01  4.96422e-02  2.49932e-01  1.12838e+00  1.34614e+00  4.02881e-01
0339  1.59180e-01  1.49629e+00  1.98121e+00  5.78270e-01  4.96415e-02  2.49932e-01  1.12838e+00  1.34614e+00  4.02882e-01
0340  1.61133e-01  1.49636e+00  1.98121e+00  5.78274e-01  4.96363e-02  2.49930e-01  1.12838e+00  1.34615e+00  4.02885e-01
0341  1.63086e-01  1.49642e+00  1.98121e+00  5.78277e-01  4.96284e-02  2.49929e-01  1.12838e+00  1.34615e+00  4.02887e-01
0342  1.65039e-01  1.49648e+00  1.98121e+00  5.78280e-01  4.96229e-02  2.49929e-01  1.12838e+00  1.34616e+00  4.02887e-01
0343  1.66992e-01  1.49654e+00  1.98121e+00  5.78281e-01  4.96217e-02  2.49929e-01  1.12838e+00  1.34616e+00  4.02886e-01
0344  1.68945e-01  1.49661e+00  1.98121e+00  5.78283e-01  4.96234e-02  2.49933e-01  1.12838e+00  1.34616e+00  4.02882e-01
0345  1.70898e-01  1.49666e+00  1.98123e+00  5.78285e-01  4.96302e-02  2.49940e-01  1.12838e+00  1.34615e+00  4.02873e-01
0346  1.72852e-01  1.49672e+00  1.98124e+00  5.78286e-01  4.96421e-02  2.49948e-01  1.12838e+00  1.34614e+00  4.02864e-01
0347  1.74805e-01  1.49677e+00  1.98126e+00  5.78286e-01  4.96549e-02  2.49950e-01  1.12838e+00  1.34612e+00  4.02862e-01
0348  1.76758e-01  1.49681e+00  1.98126e+00  5.78285e-01  4.96646e-02  2.49950e-01  1.12838e+00  1.34611e+00  4.02863e-01
0349  1.78711e-01  1.49685e+00  1.98126e+00  5.78281e-01  4.96718e-02  2.49947e-01  1.12838e+00  1.34610e+00  4.02867e-01
0350  1.80664e-01  1.49688e+00  1.98126e+00  5.78279e-01  4.96794e-02  2.49939e-01  1.12838e+00  1.34610e+00  4.02878e-01
0351  1.82617e-01  1.49691e+00  1.98127e+00  5.78279e-01  4.96907e-02  2.49923e-01  1.12838e+00  1.34608e+00  4.02898e-01
0352  1.84570e-01  1.49695e+00  1.98129e+00  5.78282e-01  4.97098e-02  2.49910e-01  1.12838e+00  1.34606e+00  4.02916e-01
0353  1.86523e-01  1.49700e+00  1.98133e+00  5.78290e-01  4.97395e-02  2.49906e-01  1.12838e+00  1.34603e+00  4.02924e-01
0354  1.88477e-01  1.49706e+00  1.98138e+00  5.78304e-01  4.97764e-02  2.49906e-01  1.12838e+00  1.34600e+00  4.02928e-01
0355  1.90430e-01  1.49710e+00  1.98143e+00  5.78315e-01  4.98093e-02  2.49908e-01  1.12838e+00  1.34597e+00  4.02929e-01
0356  1.92383e-01  1.49714e+00  1.98146e+00  5.78325e-01  4.98230e-02  2.49912e-01  1.12838e+00  1.34596e+00  4.02926e-01
0357  1.94336e-01  1.49717e+00  1.98149e+00  5.78334e-01  4.98253e-02  2.49922e-01  1.12838e+00  1.34596e+00  4.02917e-01
0358  1.96289e-01  1.49720e+00  1.98149e+00  5.78337e-01  4.98205e-02  2.49939e-01  1.12838e+00  1.34597e+00  4.02897e-01
0359  1.98242e-01  1.49721e+00  1.98149e+00  5.78339e-01  4.98064e-02  2.49962e-01  1.12838e+00  1.34599e+00  4.02870e-01
0360  2.00195e-01  1.49721e+00  1.98147e+00  5.78337e-01  4.97846e-02  2.49986e-01  1.12838e+00  1.34601e+00  4.02841e-01
0361  2.02148e-01  1.49722e+00  1.98145e+00  5.78335e-01  4.97660e-02  2.50007e-01  1.12838e+00  1.34603e+00  4.02815e-01
0362  2.04102e-01  1.49723e+00  1.98145e+00  5.78336e-01  4.97592e-02  2.50024e-01  1.12838e+00  1.34604e+00  4.02796e-01
0363  2.06055e-01  1.49724e+00  1.98145e+00  5.78336e-01  4.97592e-02  2.50037e-01  1.12838e+00  1.34605e+00  4.02780e-01
0364  2.08008e-01  1.49724e+00  1.98145e+00  5.78339e-01  4.97603e-02  2.50046e-01  1.12838e+00  1.34604e+00  4.02768e-01
0365  2.09961e-01  1.49724e+00  1.98146e+00  5.78338e-01  4.97657e-02  2.50051e-01  1.12838e+00  1.34604e+00  4.02763e-01
0366  2.11914e-01  1.49724e+00  1.98146e+00  5.78334e-01  4.97694e-02  2.50052e-01  1.12838e+00  1.34604e+00  4.02763e-01
0367  2.13867e-01  1.49724e+00  1.98145e+00  5.78330e-01  4.97696e-02  2.50052e-01  1.12838e+00  1.34604e+00  4.02764e-01
0368  2.15820e-01  1.49723e+00  1.98143e+00  5.78333e-01  4.97650e-02  2.50049e-01  1.12838e+00  1.34604e+00  4.02767e-01
0369  2.17773e-01  1.49721e+00  1.98140e+00  5.78328e-01  4.97539e-02  2.50040e-01  1.12838e+00  1.34605e+00  4.02777e-01
0370  2.19727e-01  1.49720e+00  1.98137e+00  5.78309e-01  4.97351e-02  2.50023e-01  1.12838e+00  1.34607e+00  4.02798e-01
0371  2.21680e-01  1.49716e+00  1.98129e+00  5.78293e-01  4.96977e-02  2.49995e-01  1.12838e+00  1.34610e+00  4.02828e-01
0372  2.23633e-01  1.49709e+00  1.98115e+00  5.78279e-01  4.96243e-02  2.49952e-01  1.12838e+00  1.34615e+00  4.02868e-01
0373  2.25586e-01  1.49697e+00  1.98088e+00  5.78220e-01  4.94732e-02  2.49884e-01  1.12838e+00  1.34630e+00  4.02939e-01
0374  2.27539e-01  1.49667e+00  1.98022e+00  5.78059e-01  4.90848e-02  2.49745e-01  1.12838e+00  1.34667e+00  4.03080e-01
0375  2.29492e-01  1.49576e+00  1.97823e+00  5.77695e-01  4.79567e-02  2.49388e-01  1.12838e+00  1.34767e+00  4.03402e-01
0376  2.31445e-01  1.49322e+00  1.97262e+00  5.76515e-01  4.47079e-02  2.48401e-01  1.12838e+00  1.35067e+00  4.04317e-01
0377  2.33398e-01  1.48581e+00  1.95632e+00  5.73195e-01  3.53384e-02  2.45592e-01  1.12838e+00  1.35916e+00  4.06866e-01
0378  2.35352e-01  1.46584e+00  1.91272e+00  5.64137e-01  1.02859e-02  2.38108e-01  1.12838e+00  1.38163e+00  4.13573e-01
0379  2.37305e-01  1.42052e+00  1.81509e+00  5.43096e-01 -4.59249e-02  2.21363e-01  1.12838e+00  1.43056e+00  4.28123e-01
0380  2.39258e-01  1.34799e+00  1.66201e+00  5.07736e-01 -1.35870e-01  1.94644e-01  1.12838e+00  1.50483e+00  4.50118e-01
0381  2.41211e-01  1.28047e+00  1.52320e+00  4.72870e-01 -2.21250e-01  1.69115e-01  1.12838e+00  1.57072e+00  4.69819e-01
0382  2.43164e-01  1.24795e+00  1.45820e+00  4.55621e-01 -2.63289e-01  1.56029e-01  1.12838e+00  1.60144e+00  4.79577e-01
0383  2.45117e-01  1.23967e+00  1.44200e+00  4.51319e-01 -2.73903e-01  1.52378e-01  1.12838e+00  1.60887e+00  4.82330e-01
0384  2.47070e-01  1.23832e+00  1.43938e+00  4.50541e-01 -2.75417e-01  1.51789e-01  1.12838e+00  1.60978e+00  4.82754e-01
0385  2.49023e-01  1.23813e+00  1.43900e+00  4.50361e-01 -2.75532e-01  1.51746e-01  1.12838e+00  1.60978e+00  4.82765e-01
0386  2.50977e-01  1.23810e+00  1.43896e+00  4.50336e-01 -2.75537e-01  1.51745e-01  1.12838e+00  1.60977e+00  4.82759e-01
0387  2.52930e-01  1.23810e+00  1.43895e+00  4.50334e-01 -2.75536e-01  1.51752e-01  1.12838e+00  1.60977e+00  4.82751e-01
0388  2.54883e-01  1.23810e+00  1.43895e+00  4.50333e-01 -2.75545e-01  1.51771e-01  1.12838e+00  1.60978e+00  4.82731e-01
0389  2.56836e-01  1.23809e+00  1.43892e+00  4.50336e-01 -2.75588e-01  1.51813e-01  1.12838e+00  1.60982e+00  4.82682e-01
0390  2.58789e-01  1.23806e+00  1.43885e+00  4.50332e-01 -2.75691e-01  1.51903e-01  1.12838e+00  1.60992e+00  4.82578e-01
0391  2.60742e-01  1.23799e+00  1.43871e+00  4.50315e-01 -2.75871e-01  1.52079e-01  1.12838e+00  1.61010e+00  4.82373e-01
0392  2.62695e-01  1.23790e+00  1.43854e+00  4.50289e-01 -2.76119e-01  1.52404e-01  1.12838e+00  1.61033e+00  4.82000e-01
0393  2.64648e-01  1.23783e+00  1.43840e+00  4.50269e-01 -2.76407e-01  1.52932e-01  1.12838e+00  1.61062e+00  4.81404e-01
0394  2.66602e-01  1.23779e+00  1.43832e+00  4.50262e-01 -2.76688e-01  1.53595e-01  1.12838e+00  1.61092e+00  4.80660e-01
0395  2.68555e-01  1.23777e+00  1.43826e+00  4.50250e-01 -2.76879e-01  1.54097e-01  1.12838e+00  1.61112e+00  4.80097e-01
0396  2.70508e-01  1.23774e+00  1.43822e+00  4.50238e-01 -2.76949e-01  1.54239e-01  1.12838e+00  1.61118e+00  4.79937e-01
0397  2.72461e-01  1.23773e+00  1.43817e+00  4.50217e-01 -2.76961e-01  1.54227e-01  1.12838e+00  1.61118e+00  4.79946e-01
0398  2.74414e-01  1.23770e+00  1.43812e+00  4.50188e-01 -2.76946e-01  1.54123e-01  1.12838e+00  1.61115e+00  4.80056e-01
0399  2.76367e-01  1.23767e+00  1.43806e+00  4.50157e-01 -2.76835e-01  1.53696e-01  1.12838e+00  1.61101e+00  4.80526e-01
0400  2.78320e-01  1.23765e+00  1.43802e+00  4.50133e-01 -2.76505e-01  1.52567e-01  1.12838e+00  1.61063e+00  4.81778e-01
0401  2.80273e-01  1.23764e+00  1.43798e+00  4.50116e-01 -2.75781e-01  1.50145e-01  1.12838e+00  1.60981e+00  4.84470e-01
0402  2.82227e-01  1.23762e+00  1.43795e+00  4.50102e-01 -2.74410e-01  1.45585e-01  1.12838e+00  1.60828e+00  4.89540e-01
0403  2.84180e-01  1.23761e+00  1.43792e+00  4.50091e-01 -2.72026e-01  1.37781e-01  1.12838e+00  1.60561e+00  4.98218e-01
0404  2.86133e-01  1.23759e+00  1.43789e+00  4.50080e-01 -2.68155e-01  1.25441e-01  1.12838e+00  1.60130e+00  5.11943e-01
0405  2.88086e-01  1.23756e+00  1.43784e+00  4.50065e-01 -2.62248e-01  1.07309e-01  1.12838e+00  1.59471e+00  5.32107e-01
0406  2.90039e-01  1.23753e+00  1.43778e+00  4.50041e-01 -2.53784e-01  8.26023e-02  1.12838e+00  1.58527e+00  5.59585e-01
0407  2.91992e-01  1.23748e+00  1.43769e+00  4.50007e-01 -2.42503e-01  5.16319e-02  1.12838e+00  1.57269e+00  5.94026e-01
0408  2.93945e-01  1.23743e+00  1.43757e+00  4.49972e-01 -2.28778e-01  1.64679e-02  1.12838e+00  1.55739e+00  6.33131e-01
0409  2.95898e-01  1.23742e+00  1.43748e+00  4.49961e-01 -2.13993e-01 -1.88495e-02  1.12838e+00  1.54094e+00  6.72415e-01
0410  2.97852e-01  1.23742e+00  1.43741e+00  4.49979e-01 -2.00434e-01 -4.92383e-02  1.12838e+00  1.52586e+00  7.06223e-01
0411  2.99805e-01  1.23746e+00  1.43739e+00  4.50008e-01 -1.90298e-01 -7.08223e-02  1.12838e+00  1.51461e+00  7.30242e-01
0412  3.01758e-01  1.23748e+00  1.43738e+00  4.50017e-01 -1.84354e-01 -8.30385e-02  1.12838e+00  1.50800e+00  7.43835e-01
0413  3.03711e-01  1.23748e+00  1.43737e+00  4.50011e-01 -1.81685e-01 -8.84168e-02  1.12838e+00  1.50503e+00  7.49817e-01
0414  3.05664e-01  1.23747e+00  1.43735e+00  4.49993e-01 -1.80766e-01 -9.02378e-02  1.12838e+00  1.50400e+00  7.51838e-01
0415  3.07617e-01  1.23746e+00  1.43733e+00  4.49966e-01 -1.80519e-01 -9.06963e-02  1.12838e+00  1.50371e+00  7.52342e-01
0416  3.09570e-01  1.23745e+00  1.43731e+00  4.49943e-01 -1.80467e-01 -9.07666e-02  1.12838e+00  1.50365e+00  7.52416e-01
0417  3.11523e-01  1.23745e+00  1.43731e+00  4.49937e-01 -1.80462e-01 -9.07671e-02  1.12838e+00  1.50364e+00  7.52415e-01
0418  3.13477e-01  1.23745e+00  1.43731e+00  4.49938e-01 -1.80465e-01 -9.07576e-02  1.12838e+00  1.50364e+00  7.52404e-01
0419  3.15430e-01  1.23746e+00  1.43732e+00  4.49942e-01 -1.80486e-01 -9.07154e-02  1.12838e+00  1.50367e+00  7.52358e-01
0420  3.17383e-01  1.23747e+00  1.43733e+00  4.49953e-01 -1.80538e-01 -9.06240e-02  1.12838e+00  1.50373e+00  7.52259e-01
0421  3.19336e-01  1.23748e+00  1.43736e+00  4.49975e-01 -1.80611e-01 -9.04956e-02  1.12838e+00  1.50382e+00  7.52121e-01
0422  3.21289e-01  1.23750e+00  1.43739e+00  4.50002e-01 -1.80680e-01 -9.03785e-02  1.12838e+00  1.50391e+00  7.51997e-01
0423  3.23242e-01  1.23751e+00  1.43741e+00  4.50022e-01 -1.80721e-01 -9.03129e-02  1.12838e+00  1.50396e+00  7.51929e-01
0424  3.25195e-01  1.23751e+00  1.43742e+00  4.50026e-01 -1.80734e-01 -9.02937e-02  1.12838e+00  1.50398e+00  7.51908e-01
0425  3.27148e-01  1.23751e+00  1.43742e+00  4.50025e-01 -1.80736e-01 -9.02934e-02  1.12838e+00  1.50398e+00  7.51907e-01
0426  3.29102e-01  1.23751e+00  1.43741e+00  4.50021e-01 -1.80735e-01 -9.02962e-02  1.12838e+00  1.50398e+00  7.51909e-01
0427  3.31055e-01  1.23751e+00  1.43740e+00  4.50013e-01 -1.80727e-01 -9.03059e-02  1.12838e+00  1.50396e+00  7.51917e-01
0428  3.33008e-01  1.23750e+00  1.43739e+00  4.50000e-01 -1.80713e-01 -9.03247e-02  1.12838e+00  1.50394e+00  7.51935e-01
0429  3.34961e-01  1.23749e+00  1.43737e+00  4.49987e-01 -1.80698e-01 -9.03483e-02  1.12838e+00  1.50392e+00  7.51957e-01
0430  3.36914e-01  1.23749e+00  1.43736e+00  4.49981e-01 -1.80690e-01 -9.03669e-02  1.12838e+00  1.50390e+00  7.51976e-01
0431  3.38867e-01  1.23748e+00  1.43736e+00  4.49982e-01 -1.80689e-01 -9.03757e-02  1.12838e+00  1.50390e+00  7.51986e-01
0432  3.40820e-01  1.23748e+00  1.43736e+00  4.49983e-01 -1.80691e-01 -9.03773e-02  1.12838e+00  1.50390e+00  7.51988e-01
0433  3.42773e-01  1.23748e+00  1.43736e+00  4.49984e-01 -1.80696e-01 -9.03768e-02  1.12838e+00  1.50391e+00  7.51987e-01
0434  3.44727e-01  1.23748e+00  1.43736e+00  4.49986e-01 -1.80702e-01 -9.03738e-02  1.12838e+00  1.50392e+00  7.51984e-01
0435  3.46680e-01  1.23748e+00  1.43736e+00  4.49987e-01 -1.80709e-01 -9.03667e-02  1.12838e+00  1.50392e+00  7.51976e-01
0436  3.48633e-01  1.23748e+00  1.43736e+00  4.49985e-01 -1.80715e-01 -9.03574e-02  1.12838e+00  1.50393e+00  7.51964e-01
0437  3.50586e-01  1.23747e+00  1.43735e+00  4.49976e-01 -1.80717e-01 -9.03489e-02  1.12838e+00  1.50393e+00  7.51953e-01
0438  3.52539e-01  1.23746e+00  1.43733e+00  4.49959e-01 -1.80716e-01 -9.03426e-02  1.12838e+00  1.50392e+00  7.51941e-01
0439  3.54492e-01  1.23744e+00  1.43730e+00  4.49936e-01 -1.80709e-01 -9.03387e-02  1.12838e+00  1.50390e+00  7.51931e-01
0440  3.56445e-01  1.23743e+00  1.43728e+00  4.49917e-01 -1.80703e-01 -9.03375e-02  1.12838e+00  1.50388e+00  7.51926e-01
0441  3.58398e-01  1.23742e+00  1.43727e+00  4.49909e-01 -1.80700e-01 -9.03389e-02  1.12838e+00  1.50387e+00  7.51925e-01
0442  3.60352e-01  1.23742e+00  1.43727e+00  4.49908e-01 -1.80699e-01 -9.03426e-02  1.12838e+00  1.50387e+00  7.51929e-01
0443  3.62305e-01  1.23742e+00  1.43727e+00  4.49911e-01 -1.80699e-01 -9.03491e-02  1.12838e+00  1.50387e+00  7.51936e-01
0444  3.64258e-01  1.23742e+00  1.43728e+00  4.49920e-01 -1.80701e-01 -9.03560e-02  1.12838e+00  1.50388e+00  7.51946e-01
0445  3.66211e-01  1.23743e+00  1.43731e+00  4.49944e-01 -1.80710e-01 -9.03630e-02  1.12838e+00  1.50390e+00  7.51959e-01
0446  3.68164e-01  1.23745e+00  1.43734e+00  4.49980e-01 -1.80725e-01 -9.03701e-02  1.12838e+00  1.50393e+00  7.51975e-01
0447  3.70117e-01  1.23747e+00  1.43738e+00  4.50013e-01 -1.80739e-01 -9.03757e-02  1.12838e+00  1.50396e+00  7.51989e-01
0448  3.72070e-01  1.23748e+00  1.43740e+00  4.50032e-01 -1.80748e-01 -9.03781e-02  1.12838e+00  1.50398e+00  7.51996e-01
0449  3.74023e-01  1.23748e+00  1.43740e+00  4.50037e-01 -1.80751e-01 -9.03779e-02  1.12838e+00  1.50399e+00  7.51997e-01
0450  3.75977e-01  1.23748e+00  1.43740e+00  4.50037e-01 -1.80753e-01 -9.03769e-02  1.12838e+00  1.50399e+00  7.51996e-01
0451  3.77930e-01  1.23747e+00  1.43740e+00  4.50034e-01 -1.80753e-01 -9.03744e-02  1.12838e+00  1.50399e+00  7.51992e-01
0452  3.79883e-01  1.23746e+00  1.43739e+00  4.50022e-01 -1.80750e-01 -9.03710e-02  1.12838e+00  1.50398e+00  7.51985e-01
0453  3.81836e-01  1.23745e+00  1.43736e+00  4.49998e-01 -1.80741e-01 -9.03663e-02  1.12838e+00  1.50396e+00  7.51975e-01
0454  3.83789e-01  1.23743e+00  1.43732e+00  4.49965e-01 -1.80728e-01 -9.03606e-02  1.12838e+00  1.50393e+00  7.51961e-01
0455  3.85742e-01  1.23741e+00  1.43729e+00  4.49936e-01 -1.80716e-01 -9.03556e-02  1.12838e+00  1.50390e+00  7.51948e-01
0456  3.87695e-01  1.23740e+00  1.43728e+00  4.49918e-01 -1.80707e-01 -9.03528e-02  1.12838e+00  1.50388e+00  7.51941e-01
0457  3.89648e-01  1.23740e+00  1.43727e+00  4.49912e-01 -1.80703e-01 -9.03517e-02  1.12838e+00  1.50388e+00  7.51938e-01
0458  3.91602e-01  1.23740e+00  1.43727e+00  4.49910e-01 -1.80700e-01 -9.03512e-02  1.12838e+00  1.50387e+00  7.51938e-01
0459  3.93555e-01  1.23740e+00  1.43727e+00  4.49911e-01 -1.80699e-01 -9.03508e-02  1.12838e+00  1.50387e+00  7.51938e-01
0460  3.95508e-01  1.23741e+00  1.43728e+00  4.49915e-01 -1.80698e-01 -9.03504e-02  1.12838e+00  1.50387e+00  7.51938e-01
0461  3.97461e-01  1.23741e+00  1.43729e+00  4.49923e-01 -1.80698e-01 -9.03504e-02  1.12838e+00  1.50388e+00  7.51940e-01
0462  3.99414e-01  1.23742e+00  1.43731e+00  4.49935e-01 -1.80700e-01 -9.03510e-02  1.12838e+00  1.50389e+00  7.51944e-01
0463  4.01367e-01  1.23743e+00  1.43733e+00  4.49950e-01 -1.80704e-01 -9.03521e-02  1.12838e+00  1.50390e+00  7.51949e-01
0464  4.03320e-01  1.23744e+00  1.43735e+00  4.49965e-01 -1.80707e-01 -9.03533e-02  1.12838e+00  1.50391e+00  7.51954e-01
0465  4.05273e-01  1.23745e+00  1.43736e+00  4.49980e-01 -1.80710e-01 -9.03546e-02  1.12838e+00  1.50392e+00  7.51959e-01
0466  4.07227e-01  1.23745e+00  1.43738e+00  4.49993e-01 -1.80713e-01 -9.03559e-02  1.12838e+00  1.50393e+00  7.51964e-01
0467  4.09180e-01  1.23746e+00  1.43740e+00  4.50006e-01 -1.80716e-01 -9.03573e-02  1.12838e+00  1.50394e+00  7.51968e-01
0468  4.11133e-01  1.23747e+00  1.43741e+00  4.50019e-01 -1.80719e-01 -9.03590e-02  1.12838e+00  1.50395e+00  7.51974e-01
0469  4.13086e-01  1.23748e+00  1.43743e+00  4.50032e-01 -1.80722e-01 -9.03609e-02  1.12838e+00  1.50396e+00  7.51979e-01
0470  4.15039e-01  1.23749e+00  1.43744e+00  4.50044e-01 -1.80726e-01 -9.03628e-02  1.12838e+00  1.50397e+00  7.51984e-01
0471  4.16992e-01  1.23749e+00  1.43745e+00  4.50054e-01 -1.80728e-01 -9.03642e-02  1.12838e+00  1.50397e+00  7.51988e-01
0472  4.18945e-01  1.23749e+00  1.43746e+00  4.50058e-01 -1.80729e-01 -9.03648e-02  1.12838e+00  1.50398e+00  7.51989e-01
0473  4.20898e-01  1.23750e+00  1.43746e+00  4.50059e-01 -1.80729e-01 -9.03648e-02  1.12838e+00  1.50398e+00  7.51990e-01
0474  4.22852e-01  1.23750e+00  1.43746e+00  4.50059e-01 -1.80729e-01 -9.03645e-02  1.12838e+00  1.50398e+00  7.51989e-01
0475  4.24805e-01  1.23749e+00  1.43746e+00  4.50058e-01 -1.80728e-01 -9.03640e-02  1.12838e+00  1.50398e+00  7.51988e-01
0476  4.26758e-01  1.23749e+00  1.43745e+00  4.50051e-01 -1.80725e-01 -9.03625e-02  1.12838e+00  1.50397e+00  7.51986e-01
0477  4.28711e-01  1.23748e+00  1.43744e+00  4.50039e-01 -1.80720e-01 -9.03601e-02  1.12838e+00  1.50396e+00  7.51980e-01
0478  4.30664e-01  1.23747e+00  1.43741e+00  4.50017e-01 -1.80712e-01 -9.03561e-02  1.12838e+00  1.50394e+00  7.51970e-01
0479  4.32617e-01  1.23745e+00  1.43738e+00  4.49983e-01 -1.80700e-01 -9.03499e-02  1.12838e+00  1.50391e+00  7.51956e-01
0480  4.34570e-01  1.23743e+00  1.43734e+00  4.49944e-01 -1.80685e-01 -9.03427e-02  1.12838e+00  1.50388e+00  7.51939e-01
0481  4.36523e-01  1.23741e+00  1.43729e+00  4.49909e-01 -1.80673e-01 -9.03363e-02  1.12838e+00  1.50384e+00  7.51922e-01
0482  4.38477e-01  1.23740e+00  1.43727e+00  4.49881e-01 -1.80663e-01 -9.03313e-02  1.12838e+00  1.50382e+00  7.51910e-01
0483  4.40430e-01  1.23739e+00  1.43725e+00  4.49864e-01 -1.80656e-01 -9.03281e-02  1.12838e+00  1.50381e+00  7.51905e-01
0484  4.42383e-01  1.23739e+00  1.43725e+00  4.49858e-01 -1.80654e-01 -9.03270e-02  1.12838e+00  1.50381e+00  7.51903e-01
0485  4.44336e-01  1.23738e+00  1.43724e+00  4.49864e-01 -1.80656e-01 -9.03282e-02  1.12838e+00  1.50380e+00  7.51899e-01
0486  4.46289e-01  1.23739e+00  1.43725e+00  4.49866e-01 -1.80657e-01 -9.03285e-02  1.12838e+00  1.50381e+00  7.51904e-01
0487  4.48242e-01  1.23740e+00  1.43727e+00  4.49862e-01 -1.80656e-01 -9.03278e-02  1.12838e+00  1.50383e+00  7.51913e-01
0488  4.50195e-01  1.23739e+00  1.43726e+00  4.49892e-01 -1.80667e-01 -9.03333e-02  1.12838e+00  1.50382e+00  7.51909e-01
0489  4.52148e-01  1.23740e+00  1.43728e+00  4.49925e-01 -1.80679e-01 -9.03393e-02  1.12838e+00  1.50384e+00  7.51918e-01
0490  4.54102e-01  1.23743e+00  1.43734e+00  4.49901e-01 -1.80670e-01 -9.03350e-02  1.12838e+00  1.50388e+00  7.51941e-01
0491  4.56055e-01  1.23745e+00  1.43738e+00  4.49935e-01 -1.80682e-01 -9.03412e-02  1.12838e+00  1.50391e+00  7.51955e-01
0492  4.58008e-01  1.23739e+00  1.43726e+00  4.50054e-01 -1.80725e-01 -9.03627e-02  1.12838e+00  1.50382e+00  7.51910e-01
0493  4.59961e-01  1.23744e+00  1.43734e+00  4.49787e-01 -1.80630e-01 -9.03148e-02  1.12838e+00  1.50388e+00  7.51942e-01
0494  4.61914e-01  1.23701e+00  1.43652e+00  4.49259e-01 -1.80440e-01 -9.02200e-02  1.12838e+00  1.50323e+00  7.51616e-01
0495  4.63867e-01  1.23482e+00  1.43228e+00  4.45284e-01 -1.79006e-01 -8.95030e-02  1.12838e+00  1.49984e+00  7.49922e-01
0496  4.65820e-01  1.22305e+00  1.40966e+00  4.24403e-01 -1.71402e-01 -8.57009e-02  1.12838e+00  1.48167e+00  7.40835e-01
0497  4.67773e-01  1.17936e+00  1.32678e+00  3.45383e-01 -1.41866e-01 -7.09328e-02  1.12838e+00  1.41379e+00  7.06893e-01
0498  4.69727e-01  1.09623e+00  1.17159e+00  1.89109e-01 -8.05741e-02 -4.02871e-02  1.12838e+00  1.28296e+00  6.41478e-01
0499  4.71680e-01  1.02893e+00  1.04968e+00  5.75018e-02 -2.56724e-02 -1.28362e-02  1.12838e+00  1.17543e+00  5.87717e-01
0500  4.73633e-01  1.00507e+00  1.00850e+00  1.01125e-02 -4.67980e-03 -2.33990e-03  1.12838e+00  1.13674e+00  5.68368e-01
0501  4.75586e-01  1.00062e+00  1.00103e+00  1.23433e-03 -5.78744e-04 -2.89372e-04  1.12838e+00  1.12940e+00  5.64702e-01
0502  4.77539e-01  1.00006e+00  1.00010e+00  1.21063e-04 -5.66872e-05 -2.83436e-05  1.12838e+00  1.12848e+00  5.64240e-01
0503  4.79492e-01  1.00001e+00  1.00001e+00  1.03491e-05 -4.83364e-06 -2.41682e-06  1.12838e+00  1.12839e+00  5.64194e-01
0504  4.81445e-01  1.00000e+00  1.00000e+00  8.10330e-07 -3.78180e-07 -1.89090e-07  1.12838e+00  1.12838e+00  5.64190e-01
0505  4.83398e-01  1.00000e+00  1.00000e+00  6.00071e-08 -2.80056e-08 -1.40028e-08  1.12838e+00  1.12838e+00  5.64190e-01
0506  4.85352e-01  1.00000e+00  1.00000e+00  4.28863e-09 -2.00170e-09 -1.00085e-09  1.12838e+00  1.12838e+00  5.64190e-01
0507  4.87305e-01  1.00000e+00  1.00000e+00  2.99673e-10 -1.39875e-10 -6.99375e-11  1.12838e+00  1.12838e+00  5.64190e-01
0508  4.89258e-01  1.00000e+00  1.00000e+00  2.06402e-11 -9.63320e-12 -4.81660e-12  1.12838e+00  1.12838e+00  5.64190e-01
0509  4.91211e-01  1.00000e+00  1.00000e+00  1.40960e-12 -6.57622e-13 -3.28811e-13  1.12838e+00  1.12838e+00  5.64190e-01
0510  4.93164e-01  1.00000e+00  1.00000e+00  9.58633e-14 -4.46237e-14 -2.23119e-14  1.12838e+00  1.12838e+00  5.64190e-01
0511  4.95117e-01  1.00000e+00  1.00000e+00  7.01665e-15 -3.15068e-15 -1.57534e-15  1.12838e+00  1.12838e+00  5.64190e-01
0512  4.97070e-01  1.00000e+00  1.00000e+00  5.35230e-16 -2.15039e-16 -1.07520e-16  1.12838e+00  1.12838e+00  5.64190e-01
0513  4.99023e-01  1.00000e+00  1.00000e+00  3.49765e-18  0.00000e+00  0.00000e+00  1.12838e+00  1.12838e+00  5.64190e-01
