# Athena++ data at time=1.600000e-01  cycle=602  variables=prim 
# i       x1v         rho          press          vel1         vel2         vel3         Bcc1         Bcc2         Bcc3     
0002 -4.99023e-01  1.00000e+00  4.50000e-01 -2.00000e+00  0.00000e+00  0.00000e+00  0.00000e+00  5.00000e-01  0.00000e+00
0003 -4.97070e-01  9.99998e-01  4.49999e-01 -2.00000e+00  0.00000e+00  0.00000e+00  0.00000e+00  4.99999e-01  0.00000e+00
0004 -4.95117e-01  9.99995e-01  4.49997e-01 -2.00000e+00  0.00000e+00  0.00000e+00  0.00000e+00  4.99997e-01  0.00000e+00
0005 -4.93164e-01  9.99987e-01  4.49992e-01 -1.99999e+00  0.00000e+00  0.00000e+00  0.00000e+00  4.99994e-01  0.00000e+00
0006 -4.91211e-01  9.99968e-01  4.49980e-01 -1.99997e+00  0.00000e+00  0.00000e+00  0.00000e+00  4.99984e-01  0.00000e+00
0007 -4.89258e-01  9.99924e-01  4.49952e-01 -1.99993e+00  0.00000e+00  0.00000e+00  0.00000e+00  4.99962e-01  0.00000e+00
0008 -4.87305e-01  9.99830e-01  4.49893e-01 -1.99984e+00  0.00000e+00  0.00000e+00  0.00000e+00  4.99915e-01  0.00000e+00
0009 -4.85352e-01  9.99638e-01  4.49772e-01 -1.99966e+00  0.00000e+00  0.00000e+00  0.00000e+00  4.99819e-01  0.00000e+00
0010 -4.83398e-01  9.99271e-01  4.49541e-01 -1.99932e+00  0.00000e+00  0.00000e+00  0.00000e+00  4.99635e-01  0.00000e+00
0011 -4.81445e-01  9.98614e-01  4.49127e-01 -1.99870e+00  0.00000e+00  0.00000e+00  0.00000e+00  4.99307e-01  0.00000e+00
0012 -4.79492e-01  9.97517e-01  4.48437e-01 -1.99767e+00  0.00000e+00  0.00000e+00  0.00000e+00  4.98759e-01  0.00000e+00
0013 -4.77539e-01  9.95810e-01  4.47363e-01 -1.99607e+00  0.00000e+00  0.00000e+00  0.00000e+00  4.97905e-01  0.00000e+00
0014 -4.75586e-01  9.93330e-01  4.45805e-01 -1.99373e+00  0.00000e+00  0.00000e+00  0.00000e+00  4.96665e-01  0.00000e+00
0015 -4.73633e-01  9.89952e-01  4.43685e-01 -1.99054e+00  0.00000e+00  0.00000e+00  0.00000e+00  4.94976e-01  0.00000e+00
0016 -4.71680e-01  9.85620e-01  4.40970e-01 -1.98645e+00  0.00000e+00  0.00000e+00  0.00000e+00  4.92810e-01  0.00000e+00
0017 -4.69727e-01  9.80352e-01  4.37675e-01 -1.98145e+00  0.00000e+00  0.00000e+00  0.00000e+00  4.90176e-01  0.00000e+00
0018 -4.67773e-01  9.74231e-01  4.33856e-01 -1.97561e+00  0.00000e+00  0.00000e+00  0.00000e+00  4.87115e-01  0.00000e+00
0019 -4.65820e-01  9.67380e-01  4.29592e-01 -1.96905e+00  0.00000e+00  0.00000e+00  0.00000e+00  4.83690e-01  0.00000e+00
0020 -4.63867e-01  9.59939e-01  4.24974e-01 -1.96189e+00  0.00000e+00  0.00000e+00  0.00000e+00  4.79970e-01  0.00000e+00
0021 -4.61914e-01  9.52042e-01  4.20089e-01 -1.95424e+00  0.00000e+00  0.00000e+00  0.00000e+00  4.76021e-01  0.00000e+00
0022 -4.59961e-01  9.43805e-01  4.15010e-01 -1.94621e+00  0.00000e+00  0.00000e+00  0.00000e+00  4.71902e-01  0.00000e+00
0023 -4.58008e-01  9.35322e-01  4.09798e-01 -1.93789e+00  0.00000e+00  0.00000e+00  0.00000e+00  4.67661e-01  0.00000e+00
0024 -4.56055e-01  9.26668e-01  4.04499e-01 -1.92935e+00  0.00000e+00  0.00000e+00  0.00000e+00  4.63334e-01  0.00000e+00
0025 -4.54102e-01  9.17896e-01  3.99149e-01 -1.92063e+00  0.00000e+00  0.00000e+00  0.00000e+00  4.58948e-01  0.00000e+00
0026 -4.52148e-01  9.09048e-01  3.93773e-01 -1.91177e+00  0.00000e+00  0.00000e+00  0.00000e+00  4.54524e-01  0.00000e+00
0027 -4.50195e-01  9.00155e-01  3.88391e-01 -1.90281e+00  0.00000e+00  0.00000e+00  0.00000e+00  4.50077e-01  0.00000e+00
0028 -4.48242e-01  8.91237e-01  3.83015e-01 -1.89376e+00  0.00000e+00  0.00000e+00  0.00000e+00  4.45619e-01  0.00000e+00
0029 -4.46289e-01  8.82313e-01  3.77656e-01 -1.88463e+00  0.00000e+00  0.00000e+00  0.00000e+00  4.41157e-01  0.00000e+00
0030 -4.44336e-01  8.73395e-01  3.72323e-01 -1.87545e+00  0.00000e+00  0.00000e+00  0.00000e+00  4.36698e-01  0.00000e+00
0031 -4.42383e-01  8.64493e-01  3.67021e-01 -1.86621e+00  0.00000e+00  0.00000e+00  0.00000e+00  4.32246e-01  0.00000e+00
0032 -4.40430e-01  8.55614e-01  3.61754e-01 -1.85693e+00  0.00000e+00  0.00000e+00  0.00000e+00  4.27807e-01  0.00000e+00
0033 -4.38477e-01  8.46764e-01  3.56527e-01 -1.84761e+00  0.00000e+00  0.00000e+00  0.00000e+00  4.23382e-01  0.00000e+00
0034 -4.36523e-01  8.37949e-01  3.51341e-01 -1.83826e+00  0.00000e+00  0.00000e+00  0.00000e+00  4.18975e-01  0.00000e+00
0035 -4.34570e-01  8.29173e-01  3.46200e-01 -1.82887e+00  0.00000e+00  0.00000e+00  0.00000e+00  4.14587e-01  0.00000e+00
0036 -4.32617e-01  8.20439e-01  3.41105e-01 -1.81946e+00  0.00000e+00  0.00000e+00  0.00000e+00  4.10219e-01  0.00000e+00
0037 -4.30664e-01  8.11749e-01  3.36058e-01 -1.81003e+00  0.00000e+00  0.00000e+00  0.00000e+00  4.05874e-01  0.00000e+00
0038 -4.28711e-01  8.03106e-01  3.31059e-01 -1.80057e+00  0.00000e+00  0.00000e+00  0.00000e+00  4.01553e-01  0.00000e+00
0039 -4.26758e-01  7.94513e-01  3.26110e-01 -1.79110e+00  0.00000e+00  0.00000e+00  0.00000e+00  3.97256e-01  0.00000e+00
0040 -4.24805e-01  7.85970e-01  3.21212e-01 -1.78161e+00  0.00000e+00  0.00000e+00  0.00000e+00  3.92985e-01  0.00000e+00
0041 -4.22852e-01  7.77479e-01  3.16364e-01 -1.77210e+00  0.00000e+00  0.00000e+00  0.00000e+00  3.88739e-01  0.00000e+00
0042 -4.20898e-01  7.69041e-01  3.11567e-01 -1.76257e+00  0.00000e+00  0.00000e+00  0.00000e+00  3.84520e-01  0.00000e+00
0043 -4.18945e-01  7.60658e-01  3.06823e-01 -1.75304e+00  0.00000e+00  0.00000e+00  0.00000e+00  3.80329e-01  0.00000e+00
0044 -4.16992e-01  7.52329e-01  3.02130e-01 -1.74349e+00  0.00000e+00  0.00000e+00  0.00000e+00  3.76165e-01  0.00000e+00
0045 -4.15039e-01  7.44057e-01  2.97489e-01 -1.73392e+00  0.00000e+00  0.00000e+00  0.00000e+00  3.72029e-01  0.00000e+00
0046 -4.13086e-01  7.35842e-01  2.92900e-01 -1.72435e+00  0.00000e+00  0.00000e+00  0.00000e+00  3.67921e-01  0.00000e+00
0047 -4.11133e-01  7.27683e-01  2.88364e-01 -1.71477e+00  0.00000e+00  0.00000e+00  0.00000e+00  3.63842e-01  0.00000e+00
0048 -4.09180e-01  7.19583e-01  2.83879e-01 -1.70517e+00  0.00000e+00  0.00000e+00  0.00000e+00  3.59791e-01  0.00000e+00
0049 -4.07227e-01  7.11540e-01  2.79447e-01 -1.69557e+00  0.00000e+00  0.00000e+00  0.00000e+00  3.55770e-01  0.00000e+00
0050 -4.05273e-01  7.03556e-01  2.75067e-01 -1.68596e+00  0.00000e+00  0.00000e+00  0.00000e+00  3.51778e-01  0.00000e+00
0051 -4.03320e-01  6.95630e-01  2.70738e-01 -1.67634e+00  0.00000e+00  0.00000e+00  0.00000e+00  3.47815e-01  0.00000e+00
0052 -4.01367e-01  6.87764e-01  2.66461e-01 -1.66671e+00  0.00000e+00  0.00000e+00  0.00000e+00  3.43882e-01  0.00000e+00
0053 -3.99414e-01  6.79956e-01  2.62236e-01 -1.65707e+00  0.00000e+00  0.00000e+00  0.00000e+00  3.39978e-01  0.00000e+00
0054 -3.97461e-01  6.72208e-01  2.58062e-01 -1.64743e+00  0.00000e+00  0.00000e+00  0.00000e+00  3.36104e-01  0.00000e+00
0055 -3.95508e-01  6.64519e-01  2.53939e-01 -1.63778e+00  0.00000e+00  0.00000e+00  0.00000e+00  3.32260e-01  0.00000e+00
0056 -3.93555e-01  6.56890e-01  2.49866e-01 -1.62813e+00  0.00000e+00  0.00000e+00  0.00000e+00  3.28445e-01  0.00000e+00
0057 -3.91602e-01  6.49321e-01  2.45844e-01 -1.61847e+00  0.00000e+00  0.00000e+00  0.00000e+00  3.24660e-01  0.00000e+00
0058 -3.89648e-01  6.41811e-01  2.41873e-01 -1.60880e+00  0.00000e+00  0.00000e+00  0.00000e+00  3.20906e-01  0.00000e+00
0059 -3.87695e-01  6.34361e-01  2.37951e-01 -1.59913e+00  0.00000e+00  0.00000e+00  0.00000e+00  3.17180e-01  0.00000e+00
0060 -3.85742e-01  6.26970e-01  2.34078e-01 -1.58946e+00  0.00000e+00  0.00000e+00  0.00000e+00  3.13485e-01  0.00000e+00
0061 -3.83789e-01  6.19639e-01  2.30255e-01 -1.57978e+00  0.00000e+00  0.00000e+00  0.00000e+00  3.09820e-01  0.00000e+00
0062 -3.81836e-01  6.12368e-01  2.26481e-01 -1.57009e+00  0.00000e+00  0.00000e+00  0.00000e+00  3.06184e-01  0.00000e+00
0063 -3.79883e-01  6.05156e-01  2.22756e-01 -1.56041e+00  0.00000e+00  0.00000e+00  0.00000e+00  3.02578e-01  0.00000e+00
0064 -3.77930e-01  5.98004e-01  2.19078e-01 -1.55071e+00  0.00000e+00  0.00000e+00  0.00000e+00  2.99002e-01  0.00000e+00
0065 -3.75977e-01  5.90911e-01  2.15449e-01 -1.54102e+00  0.00000e+00  0.00000e+00  0.00000e+00  2.95455e-01  0.00000e+00
0066 -3.74023e-01  5.83877e-01  2.11867e-01 -1.53132e+00  0.00000e+00  0.00000e+00  0.00000e+00  2.91939e-01  0.00000e+00
0067 -3.72070e-01  5.76903e-01  2.08332e-01 -1.52161e+00  0.00000e+00  0.00000e+00  0.00000e+00  2.88451e-01  0.00000e+00
0068 -3.70117e-01  5.69987e-01  2.04843e-01 -1.51191e+00  0.00000e+00  0.00000e+00  0.00000e+00  2.84994e-01  0.00000e+00
0069 -3.68164e-01  5.63130e-01  2.01402e-01 -1.50220e+00  0.00000e+00  0.00000e+00  0.00000e+00  2.81565e-01  0.00000e+00
0070 -3.66211e-01  5.56333e-01  1.98006e-01 -1.49249e+00  0.00000e+00  0.00000e+00  0.00000e+00  2.78166e-01  0.00000e+00
0071 -3.64258e-01  5.49593e-01  1.94656e-01 -1.48277e+00  0.00000e+00  0.00000e+00  0.00000e+00  2.74797e-01  0.00000e+00
0072 -3.62305e-01  5.42912e-01  1.91351e-01 -1.47305e+00  0.00000e+00  0.00000e+00  0.00000e+00  2.71456e-01  0.00000e+00
0073 -3.60352e-01  5.36290e-01  1.88090e-01 -1.46333e+00  0.00000e+00  0.00000e+00  0.00000e+00  2.68145e-01  0.00000e+00
0074 -3.58398e-01  5.29725e-01  1.84875e-01 -1.45361e+00  0.00000e+00  0.00000e+00  0.00000e+00  2.64863e-01  0.00000e+00
0075 -3.56445e-01  5.23218e-01  1.81703e-01 -1.44389e+00  0.00000e+00  0.00000e+00  0.00000e+00  2.61609e-01  0.00000e+00
0076 -3.54492e-01  5.16769e-01  1.78575e-01 -1.43416e+00  0.00000e+00  0.00000e+00  0.00000e+00  2.58385e-01  0.00000e+00
0077 -3.52539e-01  5.10378e-01  1.75490e-01 -1.42443e+00  0.00000e+00  0.00000e+00  0.00000e+00  2.55189e-01  0.00000e+00
0078 -3.50586e-01  5.04044e-01  1.72448e-01 -1.41470e+00  0.00000e+00  0.00000e+00  0.00000e+00  2.52022e-01  0.00000e+00
0079 -3.48633e-01  4.97767e-01  1.69449e-01 -1.40497e+00  0.00000e+00  0.00000e+00  0.00000e+00  2.48883e-01  0.00000e+00
0080 -3.46680e-01  4.91546e-01  1.66491e-01 -1.39523e+00  0.00000e+00  0.00000e+00  0.00000e+00  2.45773e-01  0.00000e+00
0081 -3.44727e-01  4.85382e-01  1.63575e-01 -1.38550e+00  0.00000e+00  0.00000e+00  0.00000e+00  2.42691e-01  0.00000e+00
0082 -3.42773e-01  4.79275e-01  1.60701e-01 -1.37576e+00  0.00000e+00  0.00000e+00  0.00000e+00  2.39638e-01  0.00000e+00
0083 -3.40820e-01  4.73224e-01  1.57867e-01 -1.36602e+00  0.00000e+00  0.00000e+00  0.00000e+00  2.36612e-01  0.00000e+00
0084 -3.38867e-01  4.67229e-01  1.55074e-01 -1.35628e+00  0.00000e+00  0.00000e+00  0.00000e+00  2.33614e-01  0.00000e+00
0085 -3.36914e-01  4.61289e-01  1.52321e-01 -1.34654e+00  0.00000e+00  0.00000e+00  0.00000e+00  2.30645e-01  0.00000e+00
0086 -3.34961e-01  4.55405e-01  1.49607e-01 -1.33680e+00  0.00000e+00  0.00000e+00  0.00000e+00  2.27703e-01  0.00000e+00
0087 -3.33008e-01  4.49576e-01  1.46932e-01 -1.32706e+00  0.00000e+00  0.00000e+00  0.00000e+00  2.24788e-01  0.00000e+00
0088 -3.31055e-01  4.43802e-01  1.44297e-01 -1.31731e+00  0.00000e+00  0.00000e+00  0.00000e+00  2.21901e-01  0.00000e+00
0089 -3.29102e-01  4.38083e-01  1.41700e-01 -1.30757e+00  0.00000e+00  0.00000e+00  0.00000e+00  2.19041e-01  0.00000e+00
0090 -3.27148e-01  4.32418e-01  1.39141e-01 -1.29782e+00  0.00000e+00  0.00000e+00  0.00000e+00  2.16209e-01  0.00000e+00
0091 -3.25195e-01  4.26807e-01  1.36619e-01 -1.28808e+00  0.00000e+00  0.00000e+00  0.00000e+00  2.13403e-01  0.00000e+00
0092 -3.23242e-01  4.21250e-01  1.34135e-01 -1.27833e+00  0.00000e+00  0.00000e+00  0.00000e+00  2.10625e-01  0.00000e+00
0093 -3.21289e-01  4.15746e-01  1.31688e-01 -1.26858e+00  0.00000e+00  0.00000e+00  0.00000e+00  2.07873e-01  0.00000e+00
0094 -3.19336e-01  4.10296e-01  1.29277e-01 -1.25883e+00  0.00000e+00  0.00000e+00  0.00000e+00  2.05148e-01  0.00000e+00
0095 -3.17383e-01  4.04899e-01  1.26902e-01 -1.24909e+00  0.00000e+00  0.00000e+00  0.00000e+00  2.02449e-01  0.00000e+00
0096 -3.15430e-01  3.99554e-01  1.24562e-01 -1.23934e+00  0.00000e+00  0.00000e+00  0.00000e+00  1.99777e-01  0.00000e+00
0097 -3.13477e-01  3.94262e-01  1.22258e-01 -1.22959e+00  0.00000e+00  0.00000e+00  0.00000e+00  1.97131e-01  0.00000e+00
0098 -3.11523e-01  3.89023e-01  1.19989e-01 -1.21984e+00  0.00000e+00  0.00000e+00  0.00000e+00  1.94511e-01  0.00000e+00
0099 -3.09570e-01  3.83835e-01  1.17755e-01 -1.21009e+00  0.00000e+00  0.00000e+00  0.00000e+00  1.91917e-01  0.00000e+00
0100 -3.07617e-01  3.78699e-01  1.15554e-01 -1.20034e+00  0.00000e+00  0.00000e+00  0.00000e+00  1.89349e-01  0.00000e+00
0101 -3.05664e-01  3.73614e-01  1.13387e-01 -1.19059e+00  0.00000e+00  0.00000e+00  0.00000e+00  1.86807e-01  0.00000e+00
0102 -3.03711e-01  3.68580e-01  1.11253e-01 -1.18083e+00  0.00000e+00  0.00000e+00  0.00000e+00  1.84290e-01  0.00000e+00
0103 -3.01758e-01  3.63596e-01  1.09153e-01 -1.17108e+00  0.00000e+00  0.00000e+00  0.00000e+00  1.81798e-01  0.00000e+00
0104 -2.99805e-01  3.58663e-01  1.07085e-01 -1.16133e+00  0.00000e+00  0.00000e+00  0.00000e+00  1.79332e-01  0.00000e+00
0105 -2.97852e-01  3.53781e-01  1.05049e-01 -1.15158e+00  0.00000e+00  0.00000e+00  0.00000e+00  1.76890e-01  0.00000e+00
0106 -2.95898e-01  3.48948e-01  1.03045e-01 -1.14183e+00  0.00000e+00  0.00000e+00  0.00000e+00  1.74474e-01  0.00000e+00
0107 -2.93945e-01  3.44164e-01  1.01072e-01 -1.13208e+00  0.00000e+00  0.00000e+00  0.00000e+00  1.72082e-01  0.00000e+00
0108 -2.91992e-01  3.39430e-01  9.91303e-02 -1.12232e+00  0.00000e+00  0.00000e+00  0.00000e+00  1.69715e-01  0.00000e+00
0109 -2.90039e-01  3.34744e-01  9.72193e-02 -1.11257e+00  0.00000e+00  0.00000e+00  0.00000e+00  1.67372e-01  0.00000e+00
0110 -2.88086e-01  3.30108e-01  9.53387e-02 -1.10282e+00  0.00000e+00  0.00000e+00  0.00000e+00  1.65054e-01  0.00000e+00
0111 -2.86133e-01  3.25519e-01  9.34880e-02 -1.09307e+00  0.00000e+00  0.00000e+00  0.00000e+00  1.62760e-01  0.00000e+00
0112 -2.84180e-01  3.20978e-01  9.16669e-02 -1.08332e+00  0.00000e+00  0.00000e+00  0.00000e+00  1.60489e-01  0.00000e+00
0113 -2.82227e-01  3.16485e-01  8.98750e-02 -1.07356e+00  0.00000e+00  0.00000e+00  0.00000e+00  1.58243e-01  0.00000e+00
0114 -2.80273e-01  3.12040e-01  8.81119e-02 -1.06381e+00  0.00000e+00  0.00000e+00  0.00000e+00  1.56020e-01  0.00000e+00
0115 -2.78320e-01  3.07641e-01  8.63774e-02 -1.05406e+00  0.00000e+00  0.00000e+00  0.00000e+00  1.53821e-01  0.00000e+00
0116 -2.76367e-01  3.03290e-01  8.46710e-02 -1.04431e+00  0.00000e+00  0.00000e+00  0.00000e+00  1.51645e-01  0.00000e+00
0117 -2.74414e-01  2.98984e-01  8.29924e-02 -1.03455e+00  0.00000e+00  0.00000e+00  0.00000e+00  1.49492e-01  0.00000e+00
0118 -2.72461e-01  2.94725e-01  8.13413e-02 -1.02480e+00  0.00000e+00  0.00000e+00  0.00000e+00  1.47362e-01  0.00000e+00
0119 -2.70508e-01  2.90511e-01  7.97173e-02 -1.01505e+00  0.00000e+00  0.00000e+00  0.00000e+00  1.45256e-01  0.00000e+00
0120 -2.68555e-01  2.86343e-01  7.81200e-02 -1.00529e+00  0.00000e+00  0.00000e+00  0.00000e+00  1.43172e-01  0.00000e+00
0121 -2.66602e-01  2.82220e-01  7.65491e-02 -9.95542e-01  0.00000e+00  0.00000e+00  0.00000e+00  1.41110e-01  0.00000e+00
0122 -2.64648e-01  2.78142e-01  7.50044e-02 -9.85788e-01  0.00000e+00  0.00000e+00  0.00000e+00  1.39071e-01  0.00000e+00
0123 -2.62695e-01  2.74108e-01  7.34853e-02 -9.76035e-01  0.00000e+00  0.00000e+00  0.00000e+00  1.37054e-01  0.00000e+00
0124 -2.60742e-01  2.70119e-01  7.19917e-02 -9.66282e-01  0.00000e+00  0.00000e+00  0.00000e+00  1.35059e-01  0.00000e+00
0125 -2.58789e-01  2.66173e-01  7.05232e-02 -9.56528e-01  0.00000e+00  0.00000e+00  0.00000e+00  1.33087e-01  0.00000e+00
0126 -2.56836e-01  2.62271e-01  6.90794e-02 -9.46774e-01  0.00000e+00  0.00000e+00  0.00000e+00  1.31136e-01  0.00000e+00
0127 -2.54883e-01  2.58413e-01  6.76600e-02 -9.37020e-01  0.00000e+00  0.00000e+00  0.00000e+00  1.29206e-01  0.00000e+00
0128 -2.52930e-01  2.54597e-01  6.62647e-02 -9.27266e-01  0.00000e+00  0.00000e+00  0.00000e+00  1.27298e-01  0.00000e+00
0129 -2.50977e-01  2.50824e-01  6.48932e-02 -9.17511e-01  0.00000e+00  0.00000e+00  0.00000e+00  1.25412e-01  0.00000e+00
0130 -2.49023e-01  2.47093e-01  6.35452e-02 -9.07756e-01  0.00000e+00  0.00000e+00  0.00000e+00  1.23546e-01  0.00000e+00
0131 -2.47070e-01  2.43404e-01  6.22203e-02 -8.98000e-01  0.00000e+00  0.00000e+00  0.00000e+00  1.21702e-01  0.00000e+00
0132 -2.45117e-01  2.39757e-01  6.09183e-02 -8.88245e-01  0.00000e+00  0.00000e+00  0.00000e+00  1.19878e-01  0.00000e+00
0133 -2.43164e-01  2.36151e-01  5.96388e-02 -8.78488e-01  0.00000e+00  0.00000e+00  0.00000e+00  1.18075e-01  0.00000e+00
0134 -2.41211e-01  2.32586e-01  5.83815e-02 -8.68732e-01  0.00000e+00  0.00000e+00  0.00000e+00  1.16293e-01  0.00000e+00
0135 -2.39258e-01  2.29062e-01  5.71461e-02 -8.58974e-01  0.00000e+00  0.00000e+00  0.00000e+00  1.14531e-01  0.00000e+00
0136 -2.37305e-01  2.25579e-01  5.59323e-02 -8.49216e-01  0.00000e+00  0.00000e+00  0.00000e+00  1.12789e-01  0.00000e+00
0137 -2.35352e-01  2.22135e-01  5.47399e-02 -8.39458e-01  0.00000e+00  0.00000e+00  0.00000e+00  1.11068e-01  0.00000e+00
0138 -2.33398e-01  2.18731e-01  5.35685e-02 -8.29699e-01  0.00000e+00  0.00000e+00  0.00000e+00  1.09366e-01  0.00000e+00
0139 -2.31445e-01  2.15367e-01  5.24178e-02 -8.19939e-01  0.00000e+00  0.00000e+00  0.00000e+00  1.07684e-01  0.00000e+00
0140 -2.29492e-01  2.12042e-01  5.12876e-02 -8.10179e-01  0.00000e+00  0.00000e+00  0.00000e+00  1.06021e-01  0.00000e+00
0141 -2.27539e-01  2.08757e-01  5.01775e-02 -8.00417e-01  0.00000e+00  0.00000e+00  0.00000e+00  1.04378e-01  0.00000e+00
0142 -2.25586e-01  2.05509e-01  4.90873e-02 -7.90655e-01  0.00000e+00  0.00000e+00  0.00000e+00  1.02755e-01  0.00000e+00
0143 -2.23633e-01  2.02300e-01  4.80167e-02 -7.80892e-01  0.00000e+00  0.00000e+00  0.00000e+00  1.01150e-01  0.00000e+00
0144 -2.21680e-01  1.99129e-01  4.69654e-02 -7.71128e-01  0.00000e+00  0.00000e+00  0.00000e+00  9.95646e-02  0.00000e+00
0145 -2.19727e-01  1.95996e-01  4.59332e-02 -7.61364e-01  0.00000e+00  0.00000e+00  0.00000e+00  9.79980e-02  0.00000e+00
0146 -2.17773e-01  1.92900e-01  4.49197e-02 -7.51598e-01  0.00000e+00  0.00000e+00  0.00000e+00  9.64501e-02  0.00000e+00
0147 -2.15820e-01  1.89842e-01  4.39247e-02 -7.41831e-01  0.00000e+00  0.00000e+00  0.00000e+00  9.49208e-02  0.00000e+00
0148 -2.13867e-01  1.86820e-01  4.29479e-02 -7.32063e-01  0.00000e+00  0.00000e+00  0.00000e+00  9.34099e-02  0.00000e+00
0149 -2.11914e-01  1.83835e-01  4.19891e-02 -7.22294e-01  0.00000e+00  0.00000e+00  0.00000e+00  9.19173e-02  0.00000e+00
0150 -2.09961e-01  1.80886e-01  4.10481e-02 -7.12523e-01  0.00000e+00  0.00000e+00  0.00000e+00  9.04428e-02  0.00000e+00
0151 -2.08008e-01  1.77973e-01  4.01244e-02 -7.02752e-01  0.00000e+00  0.00000e+00  0.00000e+00  8.89863e-02  0.00000e+00
0152 -2.06055e-01  1.75095e-01  3.92180e-02 -6.92979e-01  0.00000e+00  0.00000e+00  0.00000e+00  8.75477e-02  0.00000e+00
0153 -2.04102e-01  1.72254e-01  3.83285e-02 -6.83205e-01  0.00000e+00  0.00000e+00  0.00000e+00  8.61268e-02  0.00000e+00
0154 -2.02148e-01  1.69447e-01  3.74557e-02 -6.73430e-01  0.00000e+00  0.00000e+00  0.00000e+00  8.47234e-02  0.00000e+00
0155 -2.00195e-01  1.66675e-01  3.65993e-02 -6.63653e-01  0.00000e+00  0.00000e+00  0.00000e+00  8.33374e-02  0.00000e+00
0156 -1.98242e-01  1.63937e-01  3.57591e-02 -6.53875e-01  0.00000e+00  0.00000e+00  0.00000e+00  8.19687e-02  0.00000e+00
0157 -1.96289e-01  1.61234e-01  3.49349e-02 -6.44095e-01  0.00000e+00  0.00000e+00  0.00000e+00  8.06171e-02  0.00000e+00
0158 -1.94336e-01  1.58565e-01  3.41264e-02 -6.34314e-01  0.00000e+00  0.00000e+00  0.00000e+00  7.92825e-02  0.00000e+00
0159 -1.92383e-01  1.55929e-01  3.33335e-02 -6.24532e-01  0.00000e+00  0.00000e+00  0.00000e+00  7.79647e-02  0.00000e+00
0160 -1.90430e-01  1.53327e-01  3.25557e-02 -6.14748e-01  0.00000e+00  0.00000e+00  0.00000e+00  7.66635e-02  0.00000e+00
0161 -1.88477e-01  1.50758e-01  3.17930e-02 -6.04962e-01  0.00000e+00  0.00000e+00  0.00000e+00  7.53789e-02  0.00000e+00
0162 -1.86523e-01  1.48221e-01  3.10451e-02 -5.95175e-01  0.00000e+00  0.00000e+00  0.00000e+00  7.41106e-02  0.00000e+00
0163 -1.84570e-01  1.45717e-01  3.03118e-02 -5.85386e-01  0.00000e+00  0.00000e+00  0.00000e+00  7.28586e-02  0.00000e+00
0164 -1.82617e-01  1.43245e-01  2.95928e-02 -5.75596e-01  0.00000e+00  0.00000e+00  0.00000e+00  7.16226e-02  0.00000e+00
0165 -1.80664e-01  1.40805e-01  2.88880e-02 -5.65804e-01  0.00000e+00  0.00000e+00  0.00000e+00  7.04025e-02  0.00000e+00
0166 -1.78711e-01  1.38396e-01  2.81971e-02 -5.56011e-01  0.00000e+00  0.00000e+00  0.00000e+00  6.91981e-02  0.00000e+00
0167 -1.76758e-01  1.36019e-01  2.75199e-02 -5.46216e-01  0.00000e+00  0.00000e+00  0.00000e+00  6.80093e-02  0.00000e+00
0168 -1.74805e-01  1.33672e-01  2.68562e-02 -5.36420e-01  0.00000e+00  0.00000e+00  0.00000e+00  6.68359e-02  0.00000e+00
0169 -1.72852e-01  1.31356e-01  2.62059e-02 -5.26622e-01  0.00000e+00  0.00000e+00  0.00000e+00  6.56778e-02  0.00000e+00
0170 -1.70898e-01  1.29070e-01  2.55686e-02 -5.16823e-01  0.00000e+00  0.00000e+00  0.00000e+00  6.45348e-02  0.00000e+00
0171 -1.68945e-01  1.26813e-01  2.49442e-02 -5.07022e-01  0.00000e+00  0.00000e+00  0.00000e+00  6.34067e-02  0.00000e+00
0172 -1.66992e-01  1.24587e-01  2.43326e-02 -4.97220e-01  0.00000e+00  0.00000e+00  0.00000e+00  6.22935e-02  0.00000e+00
0173 -1.65039e-01  1.22390e-01  2.37335e-02 -4.87416e-01  0.00000e+00  0.00000e+00  0.00000e+00  6.11948e-02  0.00000e+00
0174 -1.63086e-01  1.20221e-01  2.31466e-02 -4.77612e-01  0.00000e+00  0.00000e+00  0.00000e+00  6.01106e-02  0.00000e+00
0175 -1.61133e-01  1.18081e-01  2.25720e-02 -4.67806e-01  0.00000e+00  0.00000e+00  0.00000e+00  5.90407e-02  0.00000e+00
0176 -1.59180e-01  1.15970e-01  2.20092e-02 -4.58000e-01  0.00000e+00  0.00000e+00  0.00000e+00  5.79849e-02  0.00000e+00
0177 -1.57227e-01  1.13886e-01  2.14583e-02 -4.48192e-01  0.00000e+00  0.00000e+00  0.00000e+00  5.69431e-02  0.00000e+00
0178 -1.55273e-01  1.11830e-01  2.09189e-02 -4.38384e-01  0.00000e+00  0.00000e+00  0.00000e+00  5.59152e-02  0.00000e+00
0179 -1.53320e-01  1.09802e-01  2.03910e-02 -4.28575e-01  0.00000e+00  0.00000e+00  0.00000e+00  5.49009e-02  0.00000e+00
0180 -1.51367e-01  1.07800e-01  1.98742e-02 -4.18766e-01  0.00000e+00  0.00000e+00  0.00000e+00  5.39001e-02  0.00000e+00
0181 -1.49414e-01  1.05825e-01  1.93686e-02 -4.08956e-01  0.00000e+00  0.00000e+00  0.00000e+00  5.29127e-02  0.00000e+00
0182 -1.47461e-01  1.03877e-01  1.88738e-02 -3.99147e-01  0.00000e+00  0.00000e+00  0.00000e+00  5.19386e-02  0.00000e+00
0183 -1.45508e-01  1.01955e-01  1.83898e-02 -3.89337e-01  0.00000e+00  0.00000e+00  0.00000e+00  5.09775e-02  0.00000e+00
0184 -1.43555e-01  1.00059e-01  1.79164e-02 -3.79529e-01  0.00000e+00  0.00000e+00  0.00000e+00  5.00294e-02  0.00000e+00
0185 -1.41602e-01  9.81881e-02  1.74534e-02 -3.69721e-01  0.00000e+00  0.00000e+00  0.00000e+00  4.90941e-02  0.00000e+00
0186 -1.39648e-01  9.63429e-02  1.70006e-02 -3.59915e-01  0.00000e+00  0.00000e+00  0.00000e+00  4.81714e-02  0.00000e+00
0187 -1.37695e-01  9.45228e-02  1.65580e-02 -3.50111e-01  0.00000e+00  0.00000e+00  0.00000e+00  4.72614e-02  0.00000e+00
0188 -1.35742e-01  9.27276e-02  1.61253e-02 -3.40309e-01  0.00000e+00  0.00000e+00  0.00000e+00  4.63638e-02  0.00000e+00
0189 -1.33789e-01  9.09572e-02  1.57025e-02 -3.30510e-01  0.00000e+00  0.00000e+00  0.00000e+00  4.54786e-02  0.00000e+00
0190 -1.31836e-01  8.92113e-02  1.52893e-02 -3.20715e-01  0.00000e+00  0.00000e+00  0.00000e+00  4.46057e-02  0.00000e+00
0191 -1.29883e-01  8.74899e-02  1.48857e-02 -3.10925e-01  0.00000e+00  0.00000e+00  0.00000e+00  4.37449e-02  0.00000e+00
0192 -1.27930e-01  8.57928e-02  1.44915e-02 -3.01142e-01  0.00000e+00  0.00000e+00  0.00000e+00  4.28964e-02  0.00000e+00
0193 -1.25977e-01  8.41200e-02  1.41067e-02 -2.91367e-01  0.00000e+00  0.00000e+00  0.00000e+00  4.20600e-02  0.00000e+00
0194 -1.24023e-01  8.24715e-02  1.37312e-02 -2.81602e-01  0.00000e+00  0.00000e+00  0.00000e+00  4.12358e-02  0.00000e+00
0195 -1.22070e-01  8.08476e-02  1.33648e-02 -2.71850e-01  0.00000e+00  0.00000e+00  0.00000e+00  4.04238e-02  0.00000e+00
0196 -1.20117e-01  7.92484e-02  1.30075e-02 -2.62115e-01  0.00000e+00  0.00000e+00  0.00000e+00  3.96242e-02  0.00000e+00
0197 -1.18164e-01  7.76744e-02  1.26594e-02 -2.52403e-01  0.00000e+00  0.00000e+00  0.00000e+00  3.88372e-02  0.00000e+00
0198 -1.16211e-01  7.61263e-02  1.23205e-02 -2.42720e-01  0.00000e+00  0.00000e+00  0.00000e+00  3.80632e-02  0.00000e+00
0199 -1.14258e-01  7.46051e-02  1.19908e-02 -2.33075e-01  0.00000e+00  0.00000e+00  0.00000e+00  3.73026e-02  0.00000e+00
0200 -1.12305e-01  7.31121e-02  1.16706e-02 -2.23482e-01  0.00000e+00  0.00000e+00  0.00000e+00  3.65561e-02  0.00000e+00
0201 -1.10352e-01  7.16494e-02  1.13602e-02 -2.13956e-01  0.00000e+00  0.00000e+00  0.00000e+00  3.58247e-02  0.00000e+00
0202 -1.08398e-01  7.02194e-02  1.10601e-02 -2.04522e-01  0.00000e+00  0.00000e+00  0.00000e+00  3.51097e-02  0.00000e+00
0203 -1.06445e-01  6.88256e-02  1.07707e-02 -1.95209e-01  0.00000e+00  0.00000e+00  0.00000e+00  3.44128e-02  0.00000e+00
0204 -1.04492e-01  6.74725e-02  1.04930e-02 -1.86057e-01  0.00000e+00  0.00000e+00  0.00000e+00  3.37363e-02  0.00000e+00
0205 -1.02539e-01  6.61655e-02  1.02280e-02 -1.77113e-01  0.00000e+00  0.00000e+00  0.00000e+00  3.30828e-02  0.00000e+00
0206 -1.00586e-01  6.49110e-02  9.97676e-03 -1.68437e-01  0.00000e+00  0.00000e+00  0.00000e+00  3.24555e-02  0.00000e+00
0207 -9.86328e-02  6.37160e-02  9.74071e-03 -1.60096e-01  0.00000e+00  0.00000e+00  0.00000e+00  3.18580e-02  0.00000e+00
0208 -9.66797e-02  6.25874e-02  9.52109e-03 -1.52160e-01  0.00000e+00  0.00000e+00  0.00000e+00  3.12937e-02  0.00000e+00
0209 -9.47266e-02  6.15311e-02  9.31894e-03 -1.44693e-01  0.00000e+00  0.00000e+00  0.00000e+00  3.07655e-02  0.00000e+00
0210 -9.27734e-02  6.05506e-02  9.13483e-03 -1.37746e-01  0.00000e+00  0.00000e+00  0.00000e+00  3.02753e-02  0.00000e+00
0211 -9.08203e-02  5.96461e-02  8.96864e-03 -1.31343e-01  0.00000e+00  0.00000e+00  0.00000e+00  2.98231e-02  0.00000e+00
0212 -8.88672e-02  5.88137e-02  8.81943e-03 -1.25475e-01  0.00000e+00  0.00000e+00  0.00000e+00  2.94069e-02  0.00000e+00
0213 -8.69141e-02  5.80454e-02  8.68544e-03 -1.20101e-01  0.00000e+00  0.00000e+00  0.00000e+00  2.90227e-02  0.00000e+00
0214 -8.49609e-02  5.73301e-02  8.56431e-03 -1.15146e-01  0.00000e+00  0.00000e+00  0.00000e+00  2.86650e-02  0.00000e+00
0215 -8.30078e-02  5.66551e-02  8.45341e-03 -1.10523e-01  0.00000e+00  0.00000e+00  0.00000e+00  2.83275e-02  0.00000e+00
0216 -8.10547e-02  5.60080e-02  8.35016e-03 -1.06140e-01  0.00000e+00  0.00000e+00  0.00000e+00  2.80040e-02  0.00000e+00
0217 -7.91016e-02  5.53780e-02  8.25239e-03 -1.01916e-01  0.00000e+00  0.00000e+00  0.00000e+00  2.76890e-02  0.00000e+00
0218 -7.71484e-02  5.47574e-02  8.15850e-03 -9.77896e-02  0.00000e+00  0.00000e+00  0.00000e+00  2.73787e-02  0.00000e+00
0219 -7.51953e-02  5.41414e-02  8.06758e-03 -9.37263e-02  0.00000e+00  0.00000e+00  0.00000e+00  2.70707e-02  0.00000e+00
0220 -7.32422e-02  5.35278e-02  7.97926e-03 -8.97121e-02  0.00000e+00  0.00000e+00  0.00000e+00  2.67639e-02  0.00000e+00
0221 -7.12891e-02  5.29164e-02  7.89355e-03 -8.57489e-02  0.00000e+00  0.00000e+00  0.00000e+00  2.64582e-02  0.00000e+00
0222 -6.93359e-02  5.23080e-02  7.81069e-03 -8.18480e-02  0.00000e+00  0.00000e+00  0.00000e+00  2.61540e-02  0.00000e+00
0223 -6.73828e-02  5.17037e-02  7.73099e-03 -7.80243e-02  0.00000e+00  0.00000e+00  0.00000e+00  2.58518e-02  0.00000e+00
0224 -6.54297e-02  5.11044e-02  7.65476e-03 -7.42928e-02  0.00000e+00  0.00000e+00  0.00000e+00  2.55522e-02  0.00000e+00
0225 -6.34766e-02  5.05110e-02  7.58223e-03 -7.06668e-02  0.00000e+00  0.00000e+00  0.00000e+00  2.52555e-02  0.00000e+00
0226 -6.15234e-02  4.99237e-02  7.51357e-03 -6.71561e-02  0.00000e+00  0.00000e+00  0.00000e+00  2.49619e-02  0.00000e+00
0227 -5.95703e-02  4.93422e-02  7.44885e-03 -6.37660e-02  0.00000e+00  0.00000e+00  0.00000e+00  2.46711e-02  0.00000e+00
0228 -5.76172e-02  4.87659e-02  7.38803e-03 -6.04978e-02  0.00000e+00  0.00000e+00  0.00000e+00  2.43830e-02  0.00000e+00
0229 -5.56641e-02  4.81937e-02  7.33101e-03 -5.73493e-02  0.00000e+00  0.00000e+00  0.00000e+00  2.40969e-02  0.00000e+00
0230 -5.37109e-02  4.76245e-02  7.27767e-03 -5.43171e-02  0.00000e+00  0.00000e+00  0.00000e+00  2.38122e-02  0.00000e+00
0231 -5.17578e-02  4.70571e-02  7.22789e-03 -5.13979e-02  0.00000e+00  0.00000e+00  0.00000e+00  2.35285e-02  0.00000e+00
0232 -4.98047e-02  4.64905e-02  7.18157e-03 -4.85885e-02  0.00000e+00  0.00000e+00  0.00000e+00  2.32452e-02  0.00000e+00
0233 -4.78516e-02  4.59237e-02  7.13859e-03 -4.58857e-02  0.00000e+00  0.00000e+00  0.00000e+00  2.29619e-02  0.00000e+00
0234 -4.58984e-02  4.53559e-02  7.09886e-03 -4.32858e-02  0.00000e+00  0.00000e+00  0.00000e+00  2.26779e-02  0.00000e+00
0235 -4.39453e-02  4.47860e-02  7.06223e-03 -4.07842e-02  0.00000e+00  0.00000e+00  0.00000e+00  2.23930e-02  0.00000e+00
0236 -4.19922e-02  4.42134e-02  7.02859e-03 -3.83760e-02  0.00000e+00  0.00000e+00  0.00000e+00  2.21067e-02  0.00000e+00
0237 -4.00391e-02  4.36374e-02  6.99778e-03 -3.60557e-02  0.00000e+00  0.00000e+00  0.00000e+00  2.18187e-02  0.00000e+00
0238 -3.80859e-02  4.30576e-02  6.96968e-03 -3.38180e-02  0.00000e+00  0.00000e+00  0.00000e+00  2.15288e-02  0.00000e+00
0239 -3.61328e-02  4.24739e-02  6.94416e-03 -3.16578e-02  0.00000e+00  0.00000e+00  0.00000e+00  2.12370e-02  0.00000e+00
0240 -3.41797e-02  4.18868e-02  6.92108e-03 -2.95701e-02  0.00000e+00  0.00000e+00  0.00000e+00  2.09434e-02  0.00000e+00
0241 -3.22266e-02  4.12968e-02  6.90032e-03 -2.75497e-02  0.00000e+00  0.00000e+00  0.00000e+00  2.06484e-02  0.00000e+00
0242 -3.02734e-02  4.07052e-02  6.88175e-03 -2.55918e-02  0.00000e+00  0.00000e+00  0.00000e+00  2.03526e-02  0.00000e+00
0243 -2.83203e-02  4.01140e-02  6.86523e-03 -2.36915e-02  0.00000e+00  0.00000e+00  0.00000e+00  2.00570e-02  0.00000e+00
0244 -2.63672e-02  3.95256e-02  6.85064e-03 -2.18440e-02  0.00000e+00  0.00000e+00  0.00000e+00  1.97628e-02  0.00000e+00
0245 -2.44141e-02  3.89437e-02  6.83783e-03 -2.00448e-02  0.00000e+00  0.00000e+00  0.00000e+00  1.94718e-02  0.00000e+00
0246 -2.24609e-02  3.83728e-02  6.82668e-03 -1.82894e-02  0.00000e+00  0.00000e+00  0.00000e+00  1.91864e-02  0.00000e+00
0247 -2.05078e-02  3.78186e-02  6.81704e-03 -1.65737e-02  0.00000e+00  0.00000e+00  0.00000e+00  1.89093e-02  0.00000e+00
0248 -1.85547e-02  3.72878e-02  6.80876e-03 -1.48934e-02  0.00000e+00  0.00000e+00  0.00000e+00  1.86439e-02  0.00000e+00
0249 -1.66016e-02  3.67880e-02  6.80171e-03 -1.32447e-02  0.00000e+00  0.00000e+00  0.00000e+00  1.83940e-02  0.00000e+00
0250 -1.46484e-02  3.63260e-02  6.79576e-03 -1.16237e-02  0.00000e+00  0.00000e+00  0.00000e+00  1.81630e-02  0.00000e+00
0251 -1.26953e-02  3.59071e-02  6.79080e-03 -1.00269e-02  0.00000e+00  0.00000e+00  0.00000e+00  1.79536e-02  0.00000e+00
0252 -1.07422e-02  3.55344e-02  6.78676e-03 -8.45072e-03  0.00000e+00  0.00000e+00  0.00000e+00  1.77672e-02  0.00000e+00
0253 -8.78906e-03  3.52102e-02  6.78357e-03 -6.89191e-03  0.00000e+00  0.00000e+00  0.00000e+00  1.76051e-02  0.00000e+00
0254 -6.83594e-03  3.49442e-02  6.78112e-03 -5.34687e-03  0.00000e+00  0.00000e+00  0.00000e+00  1.74721e-02  0.00000e+00
0255 -4.88281e-03  3.47593e-02  6.77917e-03 -3.81528e-03  0.00000e+00  0.00000e+00  0.00000e+00  1.73797e-02  0.00000e+00
0256 -2.92969e-03  3.46748e-02  6.77758e-03 -2.28717e-03  0.00000e+00  0.00000e+00  0.00000e+00  1.73374e-02  0.00000e+00
0257 -9.76562e-04  3.46584e-02  6.77640e-03 -7.77731e-04  0.00000e+00  0.00000e+00  0.00000e+00  1.73292e-02  0.00000e+00
0258  9.76562e-04  3.46584e-02  6.77640e-03  7.77731e-04  0.00000e+00  0.00000e+00  0.00000e+00  1.73292e-02  0.00000e+00
0259  2.92969e-03  3.46748e-02  6.77758e-03  2.28717e-03  0.00000e+00  0.00000e+00  0.00000e+00  1.73374e-02  0.00000e+00
0260  4.88281e-03  3.47593e-02  6.77917e-03  3.81528e-03  0.00000e+00  0.00000e+00  0.00000e+00  1.73797e-02  0.00000e+00
0261  6.83594e-03  3.49442e-02  6.78112e-03  5.34687e-03  0.00000e+00  0.00000e+00  0.00000e+00  1.74721e-02  0.00000e+00
0262  8.78906e-03  3.52102e-02  6.78357e-03  6.89191e-03  0.00000e+00  0.00000e+00  0.00000e+00  1.76051e-02  0.00000e+00
0263  1.07422e-02  3.55344e-02  6.78676e-03  8.45072e-03  0.00000e+00  0.00000e+00  0.00000e+00  1.77672e-02  0.00000e+00
0264  1.26953e-02  3.59071e-02  6.79080e-03  1.00269e-02  0.00000e+00  0.00000e+00  0.00000e+00  1.79536e-02  0.00000e+00
0265  1.46484e-02  3.63260e-02  6.79576e-03  1.16237e-02  0.00000e+00  0.00000e+00  0.00000e+00  1.81630e-02  0.00000e+00
0266  1.66016e-02  3.67880e-02  6.80171e-03  1.32447e-02  0.00000e+00  0.00000e+00  0.00000e+00  1.83940e-02  0.00000e+00
0267  1.85547e-02  3.72878e-02  6.80876e-03  1.48934e-02  0.00000e+00  0.00000e+00  0.00000e+00  1.86439e-02  0.00000e+00
0268  2.05078e-02  3.78186e-02  6.81704e-03  1.65737e-02  0.00000e+00  0.00000e+00  0.00000e+00  1.89093e-02  0.00000e+00
0269  2.24609e-02  3.83728e-02  6.82668e-03  1.82894e-02  0.00000e+00  0.00000e+00  0.00000e+00  1.91864e-02  0.00000e+00
0270  2.44141e-02  3.89437e-02  6.83783e-03  2.00448e-02  0.00000e+00  0.00000e+00  0.00000e+00  1.94718e-02  0.00000e+00
0271  2.63672e-02  3.95256e-02  6.85064e-03  2.18440e-02  0.00000e+00  0.00000e+00  0.00000e+00  1.97628e-02  0.00000e+00
0272  2.83203e-02  4.01140e-02  6.86523e-03  2.36915e-02  0.00000e+00  0.00000e+00  0.00000e+00  2.00570e-02  0.00000e+00
0273  3.02734e-02  4.07052e-02  6.88175e-03  2.55918e-02  0.00000e+00  0.00000e+00  0.00000e+00  2.03526e-02  0.00000e+00
0274  3.22266e-02  4.12968e-02  6.90032e-03  2.75497e-02  0.00000e+00  0.00000e+00  0.00000e+00  2.06484e-02  0.00000e+00
0275  3.41797e-02  4.18868e-02  6.92108e-03  2.95701e-02  0.00000e+00  0.00000e+00  0.00000e+00  2.09434e-02  0.00000e+00
0276  3.61328e-02  4.24739e-02  6.94416e-03  3.16578e-02  0.00000e+00  0.00000e+00  0.00000e+00  2.12370e-02  0.00000e+00
0277  3.80859e-02  4.30576e-02  6.96968e-03  3.38180e-02  0.00000e+00  0.00000e+00  0.00000e+00  2.15288e-02  0.00000e+00
0278  4.00391e-02  4.36374e-02  6.99778e-03  3.60557e-02  0.00000e+00  0.00000e+00  0.00000e+00  2.18187e-02  0.00000e+00
0279  4.19922e-02  4.42134e-02  7.02859e-03  3.83760e-02  0.00000e+00  0.00000e+00  0.00000e+00  2.21067e-02  0.00000e+00
0280  4.39453e-02  4.47860e-02  7.06223e-03  4.07842e-02  0.00000e+00  0.00000e+00  0.00000e+00  2.23930e-02  0.00000e+00
0281  4.58984e-02  4.53559e-02  7.09886e-03  4.32858e-02  0.00000e+00  0.00000e+00  0.00000e+00  2.26779e-02  0.00000e+00
0282  4.78516e-02  4.59237e-02  7.13859e-03  4.58857e-02  0.00000e+00  0.00000e+00  0.00000e+00  2.29619e-02  0.00000e+00
0283  4.98047e-02  4.64905e-02  7.18157e-03  4.85885e-02  0.00000e+00  0.00000e+00  0.00000e+00  2.32452e-02  0.00000e+00
0284  5.17578e-02  4.70571e-02  7.22789e-03  5.13979e-02  0.00000e+00  0.00000e+00  0.00000e+00  2.35285e-02  0.00000e+00
0285  5.37109e-02  4.76245e-02  7.27767e-03  5.43171e-02  0.00000e+00  0.00000e+00  0.00000e+00  2.38122e-02  0.00000e+00
0286  5.56641e-02  4.81937e-02  7.33101e-03  5.73493e-02  0.00000e+00  0.00000e+00  0.00000e+00  2.40969e-02  0.00000e+00
0287  5.76172e-02  4.87659e-02  7.38803e-03  6.04978e-02  0.00000e+00  0.00000e+00  0.00000e+00  2.43830e-02  0.00000e+00
0288  5.95703e-02  4.93422e-02  7.44885e-03  6.37660e-02  0.00000e+00  0.00000e+00  0.00000e+00  2.46711e-02  0.00000e+00
0289  6.15234e-02  4.99237e-02  7.51357e-03  6.71561e-02  0.00000e+00  0.00000e+00  0.00000e+00  2.49619e-02  0.00000e+00
0290  6.34766e-02  5.05110e-02  7.58223e-03  7.06668e-02  0.00000e+00  0.00000e+00  0.00000e+00  2.52555e-02  0.00000e+00
0291  6.54297e-02  5.11044e-02  7.65476e-03  7.42928e-02  0.00000e+00  0.00000e+00  0.00000e+00  2.55522e-02  0.00000e+00
0292  6.73828e-02  5.17037e-02  7.73099e-03  7.80243e-02  0.00000e+00  0.00000e+00  0.00000e+00  2.58518e-02  0.00000e+00
0293  6.93359e-02  5.23080e-02  7.81069e-03  8.18480e-02  0.00000e+00  0.00000e+00  0.00000e+00  2.61540e-02  0.00000e+00
0294  7.12891e-02  5.29164e-02  7.89355e-03  8.57489e-02  0.00000e+00  0.00000e+00  0.00000e+00  2.64582e-02  0.00000e+00
0295  7.32422e-02  5.35278e-02  7.97926e-03  8.97121e-02  0.00000e+00  0.00000e+00  0.00000e+00  2.67639e-02  0.00000e+00
0296  7.51953e-02  5.41414e-02  8.06758e-03  9.37263e-02  0.00000e+00  0.00000e+00  0.00000e+00  2.70707e-02  0.00000e+00
0297  7.71484e-02  5.47574e-02  8.15850e-03  9.77896e-02  0.00000e+00  0.00000e+00  0.00000e+00  2.73787e-02  0.00000e+00
0298  7.91016e-02  5.53780e-02  8.25239e-03  1.01916e-01  0.00000e+00  0.00000e+00  0.00000e+00  2.76890e-02  0.00000e+00
0299  8.10547e-02  5.60080e-02  8.35016e-03  1.06140e-01  0.00000e+00  0.00000e+00  0.00000e+00  2.80040e-02  0.00000e+00
0300  8.30078e-02  5.66551e-02  8.45341e-03  1.10523e-01  0.00000e+00  0.00000e+00  0.00000e+00  2.83275e-02  0.00000e+00
0301  8.49609e-02  5.73301e-02  8.56431e-03  1.15146e-01  0.00000e+00  0.00000e+00  0.00000e+00  2.86650e-02  0.00000e+00
0302  8.69141e-02  5.80454e-02  8.68544e-03  1.20101e-01  0.00000e+00  0.00000e+00  0.00000e+00  2.90227e-02  0.00000e+00
0303  8.88672e-02  5.88137e-02  8.81943e-03  1.25475e-01  0.00000e+00  0.00000e+00  0.00000e+00  2.94069e-02  0.00000e+00
0304  9.08203e-02  5.96461e-02  8.96864e-03  1.31343e-01  0.00000e+00  0.00000e+00  0.00000e+00  2.98231e-02  0.00000e+00
0305  9.27734e-02  6.05506e-02  9.13483e-03  1.37746e-01  0.00000e+00  0.00000e+00  0.00000e+00  3.02753e-02  0.00000e+00
0306  9.47266e-02  6.15311e-02  9.31894e-03  1.44693e-01  0.00000e+00  0.00000e+00  0.00000e+00  3.07655e-02  0.00000e+00
0307  9.66797e-02  6.25874e-02  9.52109e-03  1.52160e-01  0.00000e+00  0.00000e+00  0.00000e+00  3.12937e-02  0.00000e+00
0308  9.86328e-02  6.37160e-02  9.74071e-03  1.60096e-01  0.00000e+00  0.00000e+00  0.00000e+00  3.18580e-02  0.00000e+00
0309  1.00586e-01  6.49110e-02  9.97676e-03  1.68437e-01  0.00000e+00  0.00000e+00  0.00000e+00  3.24555e-02  0.00000e+00
0310  1.02539e-01  6.61655e-02  1.02280e-02  1.77113e-01  0.00000e+00  0.00000e+00  0.00000e+00  3.30828e-02  0.00000e+00
0311  1.04492e-01  6.74725e-02  1.04930e-02  1.86057e-01  0.00000e+00  0.00000e+00  0.00000e+00  3.37363e-02  0.00000e+00
0312  1.06445e-01  6.88256e-02  1.07707e-02  1.95209e-01  0.00000e+00  0.00000e+00  0.00000e+00  3.44128e-02  0.00000e+00
0313  1.08398e-01  7.02194e-02  1.10601e-02  2.04522e-01  0.00000e+00  0.00000e+00  0.00000e+00  3.51097e-02  0.00000e+00
0314  1.10352e-01  7.16494e-02  1.13602e-02  2.13956e-01  0.00000e+00  0.00000e+00  0.00000e+00  3.58247e-02  0.00000e+00
0315  1.12305e-01  7.31121e-02  1.16706e-02  2.23482e-01  0.00000e+00  0.00000e+00  0.00000e+00  3.65561e-02  0.00000e+00
0316  1.14258e-01  7.46051e-02  1.19908e-02  2.33075e-01  0.00000e+00  0.00000e+00  0.00000e+00  3.73026e-02  0.00000e+00
0317  1.16211e-01  7.61263e-02  1.23205e-02  2.42720e-01  0.00000e+00  0.00000e+00  0.00000e+00  3.80632e-02  0.00000e+00
0318  1.18164e-01  7.76744e-02  1.26594e-02  2.52403e-01  0.00000e+00  0.00000e+00  0.00000e+00  3.88372e-02  0.00000e+00
0319  1.20117e-01  7.92484e-02  1.30075e-02  2.62115e-01  0.00000e+00  0.00000e+00  0.00000e+00  3.96242e-02  0.00000e+00
0320  1.22070e-01  8.08476e-02  1.33648e-02  2.71850e-01  0.00000e+00  0.00000e+00  0.00000e+00  4.04238e-02  0.00000e+00
0321  1.24023e-01  8.24715e-02  1.37312e-02  2.81602e-01  0.00000e+00  0.00000e+00  0.00000e+00  4.12358e-02  0.00000e+00
0322  1.25977e-01  8.41200e-02  1.41067e-02  2.91367e-01  0.00000e+00  0.00000e+00  0.00000e+00  4.20600e-02  0.00000e+00
0323  1.27930e-01  8.57928e-02  1.44915e-02  3.01142e-01  0.00000e+00  0.00000e+00  0.00000e+00  4.28964e-02  0.00000e+00
0324  1.29883e-01  8.74899e-02  1.48857e-02  3.10925e-01  0.00000e+00  0.00000e+00  0.00000e+00  4.37449e-02  0.00000e+00
0325  1.31836e-01  8.92113e-02  1.52893e-02  3.20715e-01  0.00000e+00  0.00000e+00  0.00000e+00  4.46057e-02  0.00000e+00
0326  1.33789e-01  9.09572e-02  1.57025e-02  3.30510e-01  0.00000e+00  0.00000e+00  0.00000e+00  4.54786e-02  0.00000e+00
0327  1.35742e-01  9.27276e-02  1.61253e-02  3.40309e-01  0.00000e+00  0.00000e+00  0.00000e+00  4.63638e-02  0.00000e+00
0328  1.37695e-01  9.45228e-02  1.65580e-02  3.50111e-01  0.00000e+00  0.00000e+00  0.00000e+00  4.72614e-02  0.00000e+00
0329  1.39648e-01  9.63429e-02  1.70006e-02  3.59915e-01  0.00000e+00  0.00000e+00  0.00000e+00  4.81714e-02  0.00000e+00
0330  1.41602e-01  9.81881e-02  1.74534e-02  3.69721e-01  0.00000e+00  0.00000e+00  0.00000e+00  4.90941e-02  0.00000e+00
0331  1.43555e-01  1.00059e-01  1.79164e-02  3.79529e-01  0.00000e+00  0.00000e+00  0.00000e+00  5.00294e-02  0.00000e+00
0332  1.45508e-01  1.01955e-01  1.83898e-02  3.89337e-01  0.00000e+00  0.00000e+00  0.00000e+00  5.09775e-02  0.00000e+00
0333  1.47461e-01  1.03877e-01  1.88738e-02  3.99147e-01  0.00000e+00  0.00000e+00  0.00000e+00  5.19386e-02  0.00000e+00
0334  1.49414e-01  1.05825e-01  1.93686e-02  4.08956e-01  0.00000e+00  0.00000e+00  0.00000e+00  5.29127e-02  0.00000e+00
0335  1.51367e-01  1.07800e-01  1.98742e-02  4.18766e-01  0.00000e+00  0.00000e+00  0.00000e+00  5.39001e-02  0.00000e+00
0336  1.53320e-01  1.09802e-01  2.03910e-02  4.28575e-01  0.00000e+00  0.00000e+00  0.00000e+00  5.49009e-02  0.00000e+00
0337  1.55273e-01  1.11830e-01  2.09189e-02  4.38384e-01  0.00000e+00  0.00000e+00  0.00000e+00  5.59152e-02  0.00000e+00
0338  1.57227e-01  1.13886e-01  2.14583e-02  4.48192e-01  0.00000e+00  0.00000e+00  0.00000e+00  5.69431e-02  0.00000e+00
0339  1.59180e-01  1.15970e-01  2.20092e-02  4.58000e-01  0.00000e+00  0.00000e+00  0.00000e+00  5.79849e-02  0.00000e+00
0340  1.61133e-01  1.18081e-01  2.25720e-02  4.67806e-01  0.00000e+00  0.00000e+00  0.00000e+00  5.90407e-02  0.00000e+00
0341  1.63086e-01  1.20221e-01  2.31466e-02  4.77612e-01  0.00000e+00  0.00000e+00  0.00000e+00  6.01106e-02  0.00000e+00
0342  1.65039e-01  1.22390e-01  2.37335e-02  4.87416e-01  0.00000e+00  0.00000e+00  0.00000e+00  6.11948e-02  0.00000e+00
0343  1.66992e-01  1.24587e-01  2.43326e-02  4.97220e-01  0.00000e+00  0.00000e+00  0.00000e+00  6.22935e-02  0.00000e+00
0344  1.68945e-01  1.26813e-01  2.49442e-02  5.07022e-01  0.00000e+00  0.00000e+00  0.00000e+00  6.34067e-02  0.00000e+00
0345  1.70898e-01  1.29070e-01  2.55686e-02  5.16823e-01  0.00000e+00  0.00000e+00  0.00000e+00  6.45348e-02  0.00000e+00
0346  1.72852e-01  1.31356e-01  2.62059e-02  5.26622e-01  0.00000e+00  0.00000e+00  0.00000e+00  6.56778e-02  0.00000e+00
0347  1.74805e-01  1.33672e-01  2.68562e-02  5.36420e-01  0.00000e+00  0.00000e+00  0.00000e+00  6.68359e-02  0.00000e+00
0348  1.76758e-01  1.36019e-01  2.75199e-02  5.46216e-01  0.00000e+00  0.00000e+00  0.00000e+00  6.80093e-02  0.00000e+00
0349  1.78711e-01  1.38396e-01  2.81971e-02  5.56011e-01  0.00000e+00  0.00000e+00  0.00000e+00  6.91981e-02  0.00000e+00
0350  1.80664e-01  1.40805e-01  2.88880e-02  5.65804e-01  0.00000e+00  0.00000e+00  0.00000e+00  7.04025e-02  0.00000e+00
0351  1.82617e-01  1.43245e-01  2.95928e-02  5.75596e-01  0.00000e+00  0.00000e+00  0.00000e+00  7.16226e-02  0.00000e+00
0352  1.84570e-01  1.45717e-01  3.03118e-02  5.85386e-01  0.00000e+00  0.00000e+00  0.00000e+00  7.28586e-02  0.00000e+00
0353  1.86523e-01  1.48221e-01  3.10451e-02  5.95175e-01  0.00000e+00  0.00000e+00  0.00000e+00  7.41106e-02  0.00000e+00
0354  1.88477e-01  1.50758e-01  3.17930e-02  6.04962e-01  0.00000e+00  0.00000e+00  0.00000e+00  7.53789e-02  0.00000e+00
0355  1.90430e-01  1.53327e-01  3.25557e-02  6.14748e-01  0.00000e+00  0.00000e+00  0.00000e+00  7.66635e-02  0.00000e+00
0356  1.92383e-01  1.55929e-01  3.33335e-02  6.24532e-01  0.00000e+00  0.00000e+00  0.00000e+00  7.79647e-02  0.00000e+00
0357  1.94336e-01  1.58565e-01  3.41264e-02  6.34314e-01  0.00000e+00  0.00000e+00  0.00000e+00  7.92825e-02  0.00000e+00
0358  1.96289e-01  1.61234e-01  3.49349e-02  6.44095e-01  0.00000e+00  0.00000e+00  0.00000e+00  8.06171e-02  0.00000e+00
0359  1.98242e-01  1.63937e-01  3.57591e-02  6.53875e-01  0.00000e+00  0.00000e+00  0.00000e+00  8.19687e-02  0.00000e+00
0360  2.00195e-01  1.66675e-01  3.65993e-02  6.63653e-01  0.00000e+00  0.00000e+00  0.00000e+00  8.33374e-02  0.00000e+00
0361  2.02148e-01  1.69447e-01  3.74557e-02  6.73430e-01  0.00000e+00  0.00000e+00  0.00000e+00  8.47234e-02  0.00000e+00
0362  2.04102e-01  1.72254e-01  3.83285e-02  6.83205e-01  0.00000e+00  0.00000e+00  0.00000e+00  8.61268e-02  0.00000e+00
0363  2.06055e-01  1.75095e-01  3.92180e-02  6.92979e-01  0.00000e+00  0.00000e+00  0.00000e+00  8.75477e-02  0.00000e+00
0364  2.08008e-01  1.77973e-01  4.01244e-02  7.02752e-01  0.00000e+00  0.00000e+00  0.00000e+00  8.89863e-02  0.00000e+00
0365  2.09961e-01  1.80886e-01  4.10481e-02  7.12523e-01  0.00000e+00  0.00000e+00  0.00000e+00  9.04428e-02  0.00000e+00
0366  2.11914e-01  1.83835e-01  4.19891e-02  7.22294e-01  0.00000e+00  0.00000e+00  0.00000e+00  9.19173e-02  0.00000e+00
0367  2.13867e-01  1.86820e-01  4.29479e-02  7.32063e-01  0.00000e+00  0.00000e+00  0.00000e+00  9.34099e-02  0.00000e+00
0368  2.15820e-01  1.89842e-01  4.39247e-02  7.41831e-01  0.00000e+00  0.00000e+00  0.00000e+00  9.49208e-02  0.00000e+00
0369  2.17773e-01  1.92900e-01  4.49197e-02  7.51598e-01  0.00000e+00  0.00000e+00  0.00000e+00  9.64501e-02  0.00000e+00
0370  2.19727e-01  1.95996e-01  4.59332e-02  7.61364e-01  0.00000e+00  0.00000e+00  0.00000e+00  9.79980e-02  0.00000e+00
0371  2.21680e-01  1.99129e-01  4.69654e-02  7.71128e-01  0.00000e+00  0.00000e+00  0.00000e+00  9.95646e-02  0.00000e+00
0372  2.23633e-01  2.02300e-01  4.80167e-02  7.80892e-01  0.00000e+00  0.00000e+00  0.00000e+00  1.01150e-01  0.00000e+00
0373  2.25586e-01  2.05509e-01  4.90873e-02  7.90655e-01  0.00000e+00  0.00000e+00  0.00000e+00  1.02755e-01  0.00000e+00
0374  2.27539e-01  2.08757e-01  5.01775e-02  8.00417e-01  0.00000e+00  0.00000e+00  0.00000e+00  1.04378e-01  0.00000e+00
0375  2.29492e-01  2.12042e-01  5.12876e-02  8.10179e-01  0.00000e+00  0.00000e+00  0.00000e+00  1.06021e-01  0.00000e+00
0376  2.31445e-01  2.15367e-01  5.24178e-02  8.19939e-01  0.00000e+00  0.00000e+00  0.00000e+00  1.07684e-01  0.00000e+00
0377  2.33398e-01  2.18731e-01  5.35685e-02  8.29699e-01  0.00000e+00  0.00000e+00  0.00000e+00  1.09366e-01  0.00000e+00
0378  2.35352e-01  2.22135e-01  5.47399e-02  8.39458e-01  0.00000e+00  0.00000e+00  0.00000e+00  1.11068e-01  0.00000e+00
0379  2.37305e-01  2.25579e-01  5.59323e-02  8.49216e-01  0.00000e+00  0.00000e+00  0.00000e+00  1.12789e-01  0.00000e+00
0380  2.39258e-01  2.29062e-01  5.71461e-02  8.58974e-01  0.00000e+00  0.00000e+00  0.00000e+00  1.14531e-01  0.00000e+00
0381  2.41211e-01  2.32586e-01  5.83815e-02  8.68732e-01  0.00000e+00  0.00000e+00  0.00000e+00  1.16293e-01  0.00000e+00
0382  2.43164e-01  2.36151e-01  5.96388e-02  8.78488e-01  0.00000e+00  0.00000e+00  0.00000e+00  1.18075e-01  0.00000e+00
0383  2.45117e-01  2.39757e-01  6.09183e-02  8.88245e-01  0.00000e+00  0.00000e+00  0.00000e+00  1.19878e-01  0.00000e+00
0384  2.47070e-01  2.43404e-01  6.22203e-02  8.98000e-01  0.00000e+00  0.00000e+00  0.00000e+00  1.21702e-01  0.00000e+00
0385  2.49023e-01  2.47093e-01  6.35452e-02  9.07756e-01  0.00000e+00  0.00000e+00  0.00000e+00  1.23546e-01  0.00000e+00
0386  2.50977e-01  2.50824e-01  6.48932e-02  9.17511e-01  0.00000e+00  0.00000e+00  0.00000e+00  1.25412e-01  0.00000e+00
0387  2.52930e-01  2.54597e-01  6.62647e-02  9.27266e-01  0.00000e+00  0.00000e+00  0.00000e+00  1.27298e-01  0.00000e+00
0388  2.54883e-01  2.58413e-01  6.76600e-02  9.37020e-01  0.00000e+00  0.00000e+00  0.00000e+00  1.29206e-01  0.00000e+00
0389  2.56836e-01  2.62271e-01  6.90794e-02  9.46774e-01  0.00000e+00  0.00000e+00  0.00000e+00  1.31136e-01  0.00000e+00
0390  2.58789e-01  2.66173e-01  7.05232e-02  9.56528e-01  0.00000e+00  0.00000e+00  0.00000e+00  1.33087e-01  0.00000e+00
0391  2.60742e-01  2.70119e-01  7.19917e-02  9.66282e-01  0.00000e+00  0.00000e+00  0.00000e+00  1.35059e-01  0.00000e+00
0392  2.62695e-01  2.74108e-01  7.34853e-02  9.76035e-01  0.00000e+00  0.00000e+00  0.00000e+00  1.37054e-01  0.00000e+00
0393  2.64648e-01  2.78142e-01  7.50044e-02  9.85788e-01  0.00000e+00  0.00000e+00  0.00000e+00  1.39071e-01  0.00000e+00
0394  2.66602e-01  2.82220e-01  7.65491e-02  9.95542e-01  0.00000e+00  0.00000e+00  0.00000e+00  1.41110e-01  0.00000e+00
0395  2.68555e-01  2.86343e-01  7.81200e-02  1.00529e+00  0.00000e+00  0.00000e+00  0.00000e+00  1.43172e-01  0.00000e+00
0396  2.70508e-01  2.90511e-01  7.97173e-02  1.01505e+00  0.00000e+00  0.00000e+00  0.00000e+00  1.45256e-01  0.00000e+00
0397  2.72461e-01  2.94725e-01  8.13413e-02  1.02480e+00  0.00000e+00  0.00000e+00  0.00000e+00  1.47362e-01  0.00000e+00
0398  2.74414e-01  2.98984e-01  8.29924e-02  1.03455e+00  0.00000e+00  0.00000e+00  0.00000e+00  1.49492e-01  0.00000e+00
0399  2.76367e-01  3.03290e-01  8.46710e-02  1.04431e+00  0.00000e+00  0.00000e+00  0.00000e+00  1.51645e-01  0.00000e+00
0400  2.78320e-01  3.07641e-01  8.63774e-02  1.05406e+00  0.00000e+00  0.00000e+00  0.00000e+00  1.53821e-01  0.00000e+00
0401  2.80273e-01  3.12040e-01  8.81119e-02  1.06381e+00  0.00000e+00  0.00000e+00  0.00000e+00  1.56020e-01  0.00000e+00
0402  2.82227e-01  3.16485e-01  8.98750e-02  1.07356e+00  0.00000e+00  0.00000e+00  0.00000e+00  1.58243e-01  0.00000e+00
0403  2.84180e-01  3.20978e-01  9.16669e-02  1.08332e+00  0.00000e+00  0.00000e+00  0.00000e+00  1.60489e-01  0.00000e+00
0404  2.86133e-01  3.25519e-01  9.34880e-02  1.09307e+00  0.00000e+00  0.00000e+00  0.00000e+00  1.62760e-01  0.00000e+00
0405  2.88086e-01  3.30108e-01  9.53387e-02  1.10282e+00  0.00000e+00  0.00000e+00  0.00000e+00  1.65054e-01  0.00000e+00
0406  2.90039e-01  3.34744e-01  9.72193e-02  1.11257e+00  0.00000e+00  0.00000e+00  0.00000e+00  1.67372e-01  0.00000e+00
0407  2.91992e-01  3.39430e-01  9.91303e-02  1.12232e+00  0.00000e+00  0.00000e+00  0.00000e+00  1.69715e-01  0.00000e+00
0408  2.93945e-01  3.44164e-01  1.01072e-01  1.13208e+00  0.00000e+00  0.00000e+00  0.00000e+00  1.72082e-01  0.00000e+00
0409  2.95898e-01  3.48948e-01  1.03045e-01  1.14183e+00  0.00000e+00  0.00000e+00  0.00000e+00  1.74474e-01  0.00000e+00
0410  2.97852e-01  3.53781e-01  1.05049e-01  1.15158e+00  0.00000e+00  0.00000e+00  0.00000e+00  1.76890e-01  0.00000e+00
0411  2.99805e-01  3.58663e-01  1.07085e-01  1.16133e+00  0.00000e+00  0.00000e+00  0.00000e+00  1.79332e-01  0.00000e+00
0412  3.01758e-01  3.63596e-01  1.09153e-01  1.17108e+00  0.00000e+00  0.00000e+00  0.00000e+00  1.81798e-01  0.00000e+00
0413  3.03711e-01  3.68580e-01  1.11253e-01  1.18083e+00  0.00000e+00  0.00000e+00  0.00000e+00  1.84290e-01  0.00000e+00
0414  3.05664e-01  3.73614e-01  1.13387e-01  1.19059e+00  0.00000e+00  0.00000e+00  0.00000e+00  1.86807e-01  0.00000e+00
0415  3.07617e-01  3.78699e-01  1.15554e-01  1.20034e+00  0.00000e+00  0.00000e+00  0.00000e+00  1.89349e-01  0.00000e+00
0416  3.09570e-01  3.83835e-01  1.17755e-01  1.21009e+00  0.00000e+00  0.00000e+00  0.00000e+00  1.91917e-01  0.00000e+00
0417  3.11523e-01  3.89023e-01  1.19989e-01  1.21984e+00  0.00000e+00  0.00000e+00  0.00000e+00  1.94511e-01  0.00000e+00
0418  3.13477e-01  3.94262e-01  1.22258e-01  1.22959e+00  0.00000e+00  0.00000e+00  0.00000e+00  1.97131e-01  0.00000e+00
0419  3.15430e-01  3.99554e-01  1.24562e-01  1.23934e+00  0.00000e+00  0.00000e+00  0.00000e+00  1.99777e-01  0.00000e+00
0420  3.17383e-01  4.04899e-01  1.26902e-01  1.24909e+00  0.00000e+00  0.00000e+00  0.00000e+00  2.02449e-01  0.00000e+00
0421  3.19336e-01  4.10296e-01  1.29277e-01  1.25883e+00  0.00000e+00  0.00000e+00  0.00000e+00  2.05148e-01  0.00000e+00
0422  3.21289e-01  4.15746e-01  1.31688e-01  1.26858e+00  0.00000e+00  0.00000e+00  0.00000e+00  2.07873e-01  0.00000e+00
0423  3.23242e-01  4.21250e-01  1.34135e-01  1.27833e+00  0.00000e+00  0.00000e+00  0.00000e+00  2.10625e-01  0.00000e+00
0424  3.25195e-01  4.26807e-01  1.36619e-01  1.28808e+00  0.00000e+00  0.00000e+00  0.00000e+00  2.13403e-01  0.00000e+00
0425  3.27148e-01  4.32418e-01  1.39141e-01  1.29782e+00  0.00000e+00  0.00000e+00  0.00000e+00  2.16209e-01  0.00000e+00
0426  3.29102e-01  4.38083e-01  1.41700e-01  1.30757e+00  0.00000e+00  0.00000e+00  0.00000e+00  2.19041e-01  0.00000e+00
0427  3.31055e-01  4.43802e-01  1.44297e-01  1.31731e+00  0.00000e+00  0.00000e+00  0.00000e+00  2.21901e-01  0.00000e+00
0428  3.33008e-01  4.49576e-01  1.46932e-01  1.32706e+00  0.00000e+00  0.00000e+00  0.00000e+00  2.24788e-01  0.00000e+00
0429  3.34961e-01  4.55405e-01  1.49607e-01  1.33680e+00  0.00000e+00  0.00000e+00  0.00000e+00  2.27703e-01  0.00000e+00
0430  3.36914e-01  4.61289e-01  1.52321e-01  1.34654e+00  0.00000e+00  0.00000e+00  0.00000e+00  2.30645e-01  0.00000e+00
0431  3.38867e-01  4.67229e-01  1.55074e-01  1.35628e+00  0.00000e+00  0.00000e+00  0.00000e+00  2.33614e-01  0.00000e+00
0432  3.40820e-01  4.73224e-01  1.57867e-01  1.36602e+00  0.00000e+00  0.00000e+00  0.00000e+00  2.36612e-01  0.00000e+00
0433  3.42773e-01  4.79275e-01  1.60701e-01  1.37576e+00  0.00000e+00  0.00000e+00  0.00000e+00  2.39638e-01  0.00000e+00
0434  3.44727e-01  4.85382e-01  1.63575e-01  1.38550e+00  0.00000e+00  0.00000e+00  0.00000e+00  2.42691e-01  0.00000e+00
0435  3.46680e-01  4.91546e-01  1.66491e-01  1.39523e+00  0.00000e+00  0.00000e+00  0.00000e+00  2.45773e-01  0.00000e+00
0436  3.48633e-01  4.97767e-01  1.69449e-01  1.40497e+00  0.00000e+00  0.00000e+00  0.00000e+00  2.48883e-01  0.00000e+00
0437  3.50586e-01  5.04044e-01  1.72448e-01  1.41470e+00  0.00000e+00  0.00000e+00  0.00000e+00  2.52022e-01  0.00000e+00
0438  3.52539e-01  5.10378e-01  1.75490e-01  1.42443e+00  0.00000e+00  0.00000e+00  0.00000e+00  2.55189e-01  0.00000e+00
0439  3.54492e-01  5.16769e-01  1.78575e-01  1.43416e+00  0.00000e+00  0.00000e+00  0.00000e+00  2.58385e-01  0.00000e+00
0440  3.56445e-01  5.23218e-01  1.81703e-01  1.44389e+00  0.00000e+00  0.00000e+00  0.00000e+00  2.61609e-01  0.00000e+00
0441  3.58398e-01  5.29725e-01  1.84875e-01  1.45361e+00  0.00000e+00  0.00000e+00  0.00000e+00  2.64863e-01  0.00000e+00
0442  3.60352e-01  5.36290e-01  1.88090e-01  1.46333e+00  0.00000e+00  0.00000e+00  0.00000e+00  2.68145e-01  0.00000e+00
0443  3.62305e-01  5.42912e-01  1.91351e-01  1.47305e+00  0.00000e+00  0.00000e+00  0.00000e+00  2.71456e-01  0.00000e+00
0444  3.64258e-01  5.49593e-01  1.94656e-01  1.48277e+00  0.00000e+00  0.00000e+00  0.00000e+00  2.74797e-01  0.00000e+00
0445  3.66211e-01  5.56333e-01  1.98006e-01  1.49249e+00  0.00000e+00  0.00000e+00  0.00000e+00  2.78166e-01  0.00000e+00
0446  3.68164e-01  5.63130e-01  2.01402e-01  1.50220e+00  0.00000e+00  0.00000e+00  0.00000e+00  2.81565e-01  0.00000e+00
0447  3.70117e-01  5.69987e-01  2.04843e-01  1.51191e+00  0.00000e+00  0.00000e+00  0.00000e+00  2.84994e-01  0.00000e+00
0448  3.72070e-01  5.76903e-01  2.08332e-01  1.52161e+00  0.00000e+00  0.00000e+00  0.00000e+00  2.88451e-01  0.00000e+00
0449  3.74023e-01  5.83877e-01  2.11867e-01  1.53132e+00  0.00000e+00  0.00000e+00  0.00000e+00  2.91939e-01  0.00000e+00
0450  3.75977e-01  5.90911e-01  2.15449e-01  1.54102e+00  0.00000e+00  0.00000e+00  0.00000e+00  2.95455e-01  0.00000e+00
0451  3.77930e-01  5.98004e-01  2.19078e-01  1.55071e+00  0.00000e+00  0.00000e+00  0.00000e+00  2.99002e-01  0.00000e+00
0452  3.79883e-01  6.05156e-01  2.22756e-01  1.56041e+00  0.00000e+00  0.00000e+00  0.00000e+00  3.02578e-01  0.00000e+00
0453  3.81836e-01  6.12368e-01  2.26481e-01  1.57009e+00  0.00000e+00  0.00000e+00  0.00000e+00  3.06184e-01  0.00000e+00
0454  3.83789e-01  6.19639e-01  2.30255e-01  1.57978e+00  0.00000e+00  0.00000e+00  0.00000e+00  3.09820e-01  0.00000e+00
0455  3.85742e-01  6.26970e-01  2.34078e-01  1.58946e+00  0.00000e+00  0.00000e+00  0.00000e+00  3.13485e-01  0.00000e+00
0456  3.87695e-01  6.34361e-01  2.37951e-01  1.59913e+00  0.00000e+00  0.00000e+00  0.00000e+00  3.17180e-01  0.00000e+00
0457  3.89648e-01  6.41811e-01  2.41873e-01  1.60880e+00  0.00000e+00  0.00000e+00  0.00000e+00  3.20906e-01  0.00000e+00
0458  3.91602e-01  6.49321e-01  2.45844e-01  1.61847e+00  0.00000e+00  0.00000e+00  0.00000e+00  3.24660e-01  0.00000e+00
0459  3.93555e-01  6.56890e-01  2.49866e-01  1.62813e+00  0.00000e+00  0.00000e+00  0.00000e+00  3.28445e-01  0.00000e+00
0460  3.95508e-01  6.64519e-01  2.53939e-01  1.63778e+00  0.00000e+00  0.00000e+00  0.00000e+00  3.32260e-01  0.00000e+00
0461  3.97461e-01  6.72208e-01  2.58062e-01  1.64743e+00  0.00000e+00  0.00000e+00  0.00000e+00  3.36104e-01  0.00000e+00
0462  3.99414e-01  6.79956e-01  2.62236e-01  1.65707e+00  0.00000e+00  0.00000e+00  0.00000e+00  3.39978e-01  0.00000e+00
0463  4.01367e-01  6.87764e-01  2.66461e-01  1.66671e+00  0.00000e+00  0.00000e+00  0.00000e+00  3.43882e-01  0.00000e+00
0464  4.03320e-01  6.95630e-01  2.70738e-01  1.67634e+00  0.00000e+00  0.00000e+00  0.00000e+00  3.47815e-01  0.00000e+00
0465  4.05273e-01  7.03556e-01  2.75067e-01  1.68596e+00  0.00000e+00  0.00000e+00  0.00000e+00  3.51778e-01  0.00000e+00
0466  4.07227e-01  7.11540e-01  2.79447e-01  1.69557e+00  0.00000e+00  0.00000e+00  0.00000e+00  3.55770e-01  0.00000e+00
0467  4.09180e-01  7.19583e-01  2.83879e-01  1.70517e+00  0.00000e+00  0.00000e+00  0.00000e+00  3.59791e-01  0.00000e+00
0468  4.11133e-01  7.27683e-01  2.88364e-01  1.71477e+00  0.00000e+00  0.00000e+00  0.00000e+00  3.63842e-01  0.00000e+00
0469  4.13086e-01  7.35842e-01  2.92900e-01  1.72435e+00  0.00000e+00  0.00000e+00  0.00000e+00  3.67921e-01  0.00000e+00
0470  4.15039e-01  7.44057e-01  2.97489e-01  1.73392e+00  0.00000e+00  0.00000e+00  0.00000e+00  3.72029e-01  0.00000e+00
0471  4.16992e-01  7.52329e-01  3.02130e-01  1.74349e+00  0.00000e+00  0.00000e+00  0.00000e+00  3.76165e-01  0.00000e+00
0472  4.18945e-01  7.60658e-01  3.06823e-01  1.75304e+00  0.00000e+00  0.00000e+00  0.00000e+00  3.80329e-01  0.00000e+00
0473  4.20898e-01  7.69041e-01  3.11567e-01  1.76257e+00  0.00000e+00  0.00000e+00  0.00000e+00  3.84520e-01  0.00000e+00
0474  4.22852e-01  7.77479e-01  3.16364e-01  1.77210e+00  0.00000e+00  0.00000e+00  0.00000e+00  3.88739e-01  0.00000e+00
0475  4.24805e-01  7.85970e-01  3.21212e-01  1.78161e+00  0.00000e+00  0.00000e+00  0.00000e+00  3.92985e-01  0.00000e+00
0476  4.26758e-01  7.94513e-01  3.26110e-01  1.79110e+00  0.00000e+00  0.00000e+00  0.00000e+00  3.97256e-01  0.00000e+00
0477  4.28711e-01  8.03106e-01  3.31059e-01  1.80057e+00  0.00000e+00  0.00000e+00  0.00000e+00  4.01553e-01  0.00000e+00
0478  4.30664e-01  8.11749e-01  3.36058e-01  1.81003e+00  0.00000e+00  0.00000e+00  0.00000e+00  4.05874e-01  0.00000e+00
0479  4.32617e-01  8.20439e-01  3.41105e-01  1.81946e+00  0.00000e+00  0.00000e+00  0.00000e+00  4.10219e-01  0.00000e+00
0480  4.34570e-01  8.29173e-01  3.46200e-01  1.82887e+00  0.00000e+00  0.00000e+00  0.00000e+00  4.14587e-01  0.00000e+00
0481  4.36523e-01  8.37949e-01  3.51341e-01  1.83826e+00  0.00000e+00  0.00000e+00  0.00000e+00  4.18975e-01  0.00000e+00
0482  4.38477e-01  8.46764e-01  3.56527e-01  1.84761e+00  0.00000e+00  0.00000e+00  0.00000e+00  4.23382e-01  0.00000e+00
0483  4.40430e-01  8.55614e-01  3.61754e-01  1.85693e+00  0.00000e+00  0.00000e+00  0.00000e+00  4.27807e-01  0.00000e+00
0484  4.42383e-01  8.64493e-01  3.67021e-01  1.86621e+00  0.00000e+00  0.00000e+00  0.00000e+00  4.32246e-01  0.00000e+00
0485  4.44336e-01  8.73395e-01  3.72323e-01  1.87545e+00  0.00000e+00  0.00000e+00  0.00000e+00  4.36698e-01  0.00000e+00
0486  4.46289e-01  8.82313e-01  3.77656e-01  1.88463e+00  0.00000e+00  0.00000e+00  0.00000e+00  4.41157e-01  0.00000e+00
0487  4.48242e-01  8.91237e-01  3.83015e-01  1.89376e+00  0.00000e+00  0.00000e+00  0.00000e+00  4.45619e-01  0.00000e+00
0488  4.50195e-01  9.00155e-01  3.88391e-01  1.90281e+00  0.00000e+00  0.00000e+00  0.00000e+00  4.50077e-01  0.00000e+00
0489  4.52148e-01  9.09048e-01  3.93773e-01  1.91177e+00  0.00000e+00  0.00000e+00  0.00000e+00  4.54524e-01  0.00000e+00
0490  4.54102e-01  9.17896e-01  3.99149e-01  1.92063e+00  0.00000e+00  0.00000e+00  0.00000e+00  4.58948e-01  0.00000e+00
0491  4.56055e-01  9.26668e-01  4.04499e-01  1.92935e+00  0.00000e+00  0.00000e+00  0.00000e+00  4.63334e-01  0.00000e+00
0492  4.58008e-01  9.35322e-01  4.09798e-01  1.93789e+00  0.00000e+00  0.00000e+00  0.00000e+00  4.67661e-01  0.00000e+00
0493  4.59961e-01  9.43805e-01  4.15010e-01  1.94621e+00  0.00000e+00  0.00000e+00  0.00000e+00  4.71902e-01  0.00000e+00
0494  4.61914e-01  9.52042e-01  4.20089e-01  1.95424e+00  0.00000e+00  0.00000e+00  0.00000e+00  4.76021e-01  0.00000e+00
0495  4.63867e-01  9.59939e-01  4.24974e-01  1.96189e+00  0.00000e+00  0.00000e+00  0.00000e+00  4.79970e-01  0.00000e+00
0496  4.65820e-01  9.67380e-01  4.29592e-01  1.96905e+00  0.00000e+00  0.00000e+00  0.00000e+00  4.83690e-01  0.00000e+00
0497  4.67773e-01  9.74231e-01  4.33856e-01  1.97561e+00  0.00000e+00  0.00000e+00  0.00000e+00  4.87115e-01  0.00000e+00
0498  4.69727e-01  9.80352e-01  4.37675e-01  1.98145e+00  0.00000e+00  0.00000e+00  0.00000e+00  4.90176e-01  0.00000e+00
0499  4.71680e-01  9.85620e-01  4.40970e-01  1.98645e+00  0.00000e+00  0.00000e+00  0.00000e+00  4.92810e-01  0.00000e+00
0500  4.73633e-01  9.89952e-01  4.43685e-01  1.99054e+00  0.00000e+00  0.00000e+00  0.00000e+00  4.94976e-01  0.00000e+00
0501  4.75586e-01  9.93330e-01  4.45805e-01  1.99373e+00  0.00000e+00  0.00000e+00  0.00000e+00  4.96665e-01  0.00000e+00
0502  4.77539e-01  9.95810e-01  4.47363e-01  1.99607e+00  0.00000e+00  0.00000e+00  0.00000e+00  4.97905e-01  0.00000e+00
0503  4.79492e-01  9.97517e-01  4.48437e-01  1.99767e+00  0.00000e+00  0.00000e+00  0.00000e+00  4.98759e-01  0.00000e+00
0504  4.81445e-01  9.98614e-01  4.49127e-01  1.99870e+00  0.00000e+00  0.00000e+00  0.00000e+00  4.99307e-01  0.00000e+00
0505  4.83398e-01  9.99271e-01  4.49541e-01  1.99932e+00  0.00000e+00  0.00000e+00  0.00000e+00  4.99635e-01  0.00000e+00
0506  4.85352e-01  9.99638e-01  4.49772e-01  1.99966e+00  0.00000e+00  0.00000e+00  0.00000e+00  4.99819e-01  0.00000e+00
0507  4.87305e-01  9.99830e-01  4.49893e-01  1.99984e+00  0.00000e+00  0.00000e+00  0.00000e+00  4.99915e-01  0.00000e+00
0508  4.89258e-01  9.99924e-01  4.49952e-01  1.99993e+00  0.00000e+00  0.00000e+00  0.00000e+00  4.99962e-01  0.00000e+00
0509  4.91211e-01  9.99968e-01  4.49980e-01  1.99997e+00  0.00000e+00  0.00000e+00  0.00000e+00  4.99984e-01  0.00000e+00
0510  4.93164e-01  9.99987e-01  4.49992e-01  1.99999e+00  0.00000e+00  0.00000e+00  0.00000e+00  4.99994e-01  0.00000e+00
0511  4.95117e-01  9.99995e-01  4.49997e-01  2.00000e+00  0.00000e+00  0.00000e+00  0.00000e+00  4.99997e-01  0.00000e+00
0512  4.97070e-01  9.99998e-01  4.49999e-01  2.00000e+00  0.00000e+00  0.00000e+00  0.00000e+00  4.99999e-01  0.00000e+00
0513  4.99023e-01  1.00000e+00  4.50000e-01  2.00000e+00  0.00000e+00  0.00000e+00  0.00000e+00  5.00000e-01  0.00000e+00
