# Athena++ data at time=1.600000e-01  cycle=494  variables=prim 
# i       x1v         rho          press          vel1         vel2         vel3         Bcc1         Bcc2         Bcc3     
0002 -4.99023e-01  1.00000e+00  1.00000e+00  0.00000e+00 1.78521e-200 1.43325e-200  7.00000e-01 1.78521e-200 1.43325e-200
0003 -4.97070e-01  1.00000e+00  1.00000e+00  0.00000e+00 6.98077e-200 5.64874e-200  7.00000e-01 6.98077e-200 5.64874e-200
0004 -4.95117e-01  1.00000e+00  1.00000e+00  0.00000e+00 2.71253e-199 2.21260e-199  7.00000e-01 2.71253e-199 2.21260e-199
0005 -4.93164e-01  1.00000e+00  1.00000e+00  0.00000e+00 1.04733e-198 8.61284e-199  7.00000e-01 1.04733e-198 8.61284e-199
0006 -4.91211e-01  1.00000e+00  1.00000e+00  0.00000e+00 4.01804e-198 3.33164e-198  7.00000e-01 4.01804e-198 3.33164e-198
0007 -4.89258e-01  1.00000e+00  1.00000e+00  0.00000e+00 1.53160e-197 1.28060e-197  7.00000e-01 1.53160e-197 1.28060e-197
0008 -4.87305e-01  1.00000e+00  1.00000e+00  0.00000e+00 5.80034e-197 4.89083e-197  7.00000e-01 5.80034e-197 4.89083e-197
0009 -4.85352e-01  1.00000e+00  1.00000e+00  0.00000e+00 2.18234e-196 1.85584e-196  7.00000e-01 2.18234e-196 1.85584e-196
0010 -4.83398e-01  1.00000e+00  1.00000e+00  0.00000e+00 8.15697e-196 6.99623e-196  7.00000e-01 8.15697e-196 6.99623e-196
0011 -4.81445e-01  1.00000e+00  1.00000e+00  0.00000e+00 3.02867e-195 2.62014e-195  7.00000e-01 3.02867e-195 2.62014e-195
0012 -4.79492e-01  1.00000e+00  1.00000e+00  0.00000e+00 1.11705e-194 9.74754e-195  7.00000e-01 1.11705e-194 9.74754e-195
0013 -4.77539e-01  1.00000e+00  1.00000e+00  0.00000e+00 4.09228e-194 3.60206e-194  7.00000e-01 4.09228e-194 3.60206e-194
0014 -4.75586e-01  1.00000e+00  1.00000e+00  0.00000e+00 1.48906e-193 1.32211e-193  7.00000e-01 1.48906e-193 1.32211e-193
0015 -4.73633e-01  1.00000e+00  1.00000e+00  0.00000e+00 5.38138e-193 4.81963e-193  7.00000e-01 5.38138e-193 4.81963e-193
0016 -4.71680e-01  1.00000e+00  1.00000e+00  0.00000e+00 1.93146e-192 1.74489e-192  7.00000e-01 1.93146e-192 1.74489e-192
0017 -4.69727e-01  1.00000e+00  1.00000e+00  0.00000e+00 6.88450e-192 6.27337e-192  7.00000e-01 6.88450e-192 6.27337e-192
0018 -4.67773e-01  1.00000e+00  1.00000e+00  0.00000e+00 2.43688e-191 2.23968e-191  7.00000e-01 2.43688e-191 2.23968e-191
0019 -4.65820e-01  1.00000e+00  1.00000e+00  0.00000e+00 8.56550e-191 7.93961e-191  7.00000e-01 8.56550e-191 7.93961e-191
0020 -4.63867e-01  1.00000e+00  1.00000e+00  0.00000e+00 2.98959e-190 2.79454e-190  7.00000e-01 2.98959e-190 2.79454e-190
0021 -4.61914e-01  1.00000e+00  1.00000e+00  0.00000e+00 1.03609e-189 9.76549e-190  7.00000e-01 1.03609e-189 9.76549e-190
0022 -4.59961e-01  1.00000e+00  1.00000e+00  0.00000e+00 3.56530e-189 3.38784e-189  7.00000e-01 3.56530e-189 3.38784e-189
0023 -4.58008e-01  1.00000e+00  1.00000e+00  0.00000e+00 1.21814e-188 1.16673e-188  7.00000e-01 1.21814e-188 1.16673e-188
0024 -4.56055e-01  1.00000e+00  1.00000e+00  0.00000e+00 4.13224e-188 3.98850e-188  7.00000e-01 4.13224e-188 3.98850e-188
0025 -4.54102e-01  1.00000e+00  1.00000e+00  0.00000e+00 1.39174e-187 1.35336e-187  7.00000e-01 1.39174e-187 1.35336e-187
0026 -4.52148e-01  1.00000e+00  1.00000e+00  0.00000e+00 4.65376e-187 4.55779e-187  7.00000e-01 4.65376e-187 4.55779e-187
0027 -4.50195e-01  1.00000e+00  1.00000e+00  0.00000e+00 1.54497e-186 1.52338e-186  7.00000e-01 1.54497e-186 1.52338e-186
0028 -4.48242e-01  1.00000e+00  1.00000e+00  0.00000e+00 5.09215e-186 5.05298e-186  7.00000e-01 5.09215e-186 5.05298e-186
0029 -4.46289e-01  1.00000e+00  1.00000e+00  0.00000e+00 1.66627e-185 1.66321e-185  7.00000e-01 1.66627e-185 1.66321e-185
0030 -4.44336e-01  1.00000e+00  1.00000e+00  0.00000e+00 5.41313e-185 5.43232e-185  7.00000e-01 5.41313e-185 5.43232e-185
0031 -4.42383e-01  1.00000e+00  1.00000e+00  0.00000e+00 1.74587e-184 1.76050e-184  7.00000e-01 1.74587e-184 1.76050e-184
0032 -4.40430e-01  1.00000e+00  1.00000e+00  0.00000e+00 5.59023e-184 5.66077e-184  7.00000e-01 5.59023e-184 5.66077e-184
0033 -4.38477e-01  1.00000e+00  1.00000e+00  0.00000e+00 1.77706e-183 1.80586e-183  7.00000e-01 1.77706e-183 1.80586e-183
0034 -4.36523e-01  1.00000e+00  1.00000e+00  0.00000e+00 5.60824e-183 5.71531e-183  7.00000e-01 5.60824e-183 5.71531e-183
0035 -4.34570e-01  1.00000e+00  1.00000e+00  0.00000e+00 1.75709e-182 1.79441e-182  7.00000e-01 1.75709e-182 1.79441e-182
0036 -4.32617e-01  1.00000e+00  1.00000e+00  0.00000e+00 5.46509e-182 5.58873e-182  7.00000e-01 5.46509e-182 5.58873e-182
0037 -4.30664e-01  1.00000e+00  1.00000e+00  0.00000e+00 1.68742e-181 1.72661e-181  7.00000e-01 1.68742e-181 1.72661e-181
0038 -4.28711e-01  1.00000e+00  1.00000e+00  0.00000e+00 5.17194e-181 5.29108e-181  7.00000e-01 5.17194e-181 5.29108e-181
0039 -4.26758e-01  1.00000e+00  1.00000e+00  0.00000e+00 1.57350e-180 1.60823e-180  7.00000e-01 1.57350e-180 1.60823e-180
0040 -4.24805e-01  1.00000e+00  1.00000e+00  0.00000e+00 4.75155e-180 4.84826e-180  7.00000e-01 4.75155e-180 4.84826e-180
0041 -4.22852e-01  1.00000e+00  1.00000e+00  0.00000e+00 1.42404e-179 1.44956e-179  7.00000e-01 1.42404e-179 1.44956e-179
0042 -4.20898e-01  1.00000e+00  1.00000e+00  0.00000e+00 4.23531e-179 4.29814e-179  7.00000e-01 4.23531e-179 4.29814e-179
0043 -4.18945e-01  1.00000e+00  1.00000e+00  0.00000e+00 1.24990e-178 1.26384e-178  7.00000e-01 1.24990e-178 1.26384e-178
0044 -4.16992e-01  1.00000e+00  1.00000e+00  0.00000e+00 3.65963e-178 3.68508e-178  7.00000e-01 3.65963e-178 3.68508e-178
0045 -4.15039e-01  1.00000e+00  1.00000e+00  0.00000e+00 1.06294e-177 1.06541e-177  7.00000e-01 1.06294e-177 1.06541e-177
0046 -4.13086e-01  1.00000e+00  1.00000e+00  0.00000e+00 3.06209e-177 3.05396e-177  7.00000e-01 3.06209e-177 3.05396e-177
0047 -4.11133e-01  1.00000e+00  1.00000e+00  0.00000e+00 8.74774e-177 8.67868e-177  7.00000e-01 8.74774e-177 8.67868e-177
0048 -4.09180e-01  1.00000e+00  1.00000e+00  0.00000e+00 2.47780e-176 2.44482e-176  7.00000e-01 2.47780e-176 2.44482e-176
0049 -4.07227e-01  1.00000e+00  1.00000e+00  0.00000e+00 6.95745e-176 6.82651e-176  7.00000e-01 6.95745e-176 6.82651e-176
0050 -4.05273e-01  1.00000e+00  1.00000e+00  0.00000e+00 1.93630e-175 1.88914e-175  7.00000e-01 1.93630e-175 1.88914e-175
0051 -4.03320e-01  1.00000e+00  1.00000e+00  0.00000e+00 5.34021e-175 5.18077e-175  7.00000e-01 5.34021e-175 5.18077e-175
0052 -4.01367e-01  1.00000e+00  1.00000e+00  0.00000e+00 1.45928e-174 1.40781e-174  7.00000e-01 1.45928e-174 1.40781e-174
0053 -3.99414e-01  1.00000e+00  1.00000e+00  0.00000e+00 3.95048e-174 3.79028e-174  7.00000e-01 3.95048e-174 3.79028e-174
0054 -3.97461e-01  1.00000e+00  1.00000e+00  0.00000e+00 1.05935e-173 1.01097e-173  7.00000e-01 1.05935e-173 1.01097e-173
0055 -3.95508e-01  1.00000e+00  1.00000e+00  0.00000e+00 2.81358e-173 2.67122e-173  7.00000e-01 2.81358e-173 2.67122e-173
0056 -3.93555e-01  1.00000e+00  1.00000e+00  0.00000e+00 7.40081e-173 6.99151e-173  7.00000e-01 7.40081e-173 6.99151e-173
0057 -3.91602e-01  1.00000e+00  1.00000e+00  0.00000e+00 1.92786e-172 1.81263e-172  7.00000e-01 1.92786e-172 1.81263e-172
0058 -3.89648e-01  1.00000e+00  1.00000e+00  0.00000e+00 4.97317e-172 4.65512e-172  7.00000e-01 4.97317e-172 4.65512e-172
0059 -3.87695e-01  1.00000e+00  1.00000e+00  0.00000e+00 1.27043e-171 1.18426e-171  7.00000e-01 1.27043e-171 1.18426e-171
0060 -3.85742e-01  1.00000e+00  1.00000e+00  0.00000e+00 3.21388e-171 2.98457e-171  7.00000e-01 3.21388e-171 2.98457e-171
0061 -3.83789e-01  1.00000e+00  1.00000e+00  0.00000e+00 8.05140e-171 7.45174e-171  7.00000e-01 8.05140e-171 7.45174e-171
0062 -3.81836e-01  1.00000e+00  1.00000e+00  0.00000e+00 1.99745e-170 1.84328e-170  7.00000e-01 1.99745e-170 1.84328e-170
0063 -3.79883e-01  1.00000e+00  1.00000e+00  0.00000e+00 4.90714e-170 4.51735e-170  7.00000e-01 4.90714e-170 4.51735e-170
0064 -3.77930e-01  1.00000e+00  1.00000e+00  0.00000e+00 1.19371e-169 1.09674e-169  7.00000e-01 1.19371e-169 1.09674e-169
0065 -3.75977e-01  1.00000e+00  1.00000e+00  0.00000e+00 2.87490e-169 2.63737e-169  7.00000e-01 2.87490e-169 2.63737e-169
0066 -3.74023e-01  1.00000e+00  1.00000e+00  0.00000e+00 6.85328e-169 6.28003e-169  7.00000e-01 6.85328e-169 6.28003e-169
0067 -3.72070e-01  1.00000e+00  1.00000e+00  0.00000e+00 1.61650e-168 1.48007e-168  7.00000e-01 1.61650e-168 1.48007e-168
0068 -3.70117e-01  1.00000e+00  1.00000e+00  0.00000e+00 3.77090e-168 3.45047e-168  7.00000e-01 3.77090e-168 3.45047e-168
0069 -3.68164e-01  1.00000e+00  1.00000e+00  0.00000e+00 8.69433e-168 7.95127e-168  7.00000e-01 8.69433e-168 7.95127e-168
0070 -3.66211e-01  1.00000e+00  1.00000e+00  0.00000e+00 1.97976e-167 1.80967e-167  7.00000e-01 1.97976e-167 1.80967e-167
0071 -3.64258e-01  1.00000e+00  1.00000e+00  0.00000e+00 4.44819e-167 4.06427e-167  7.00000e-01 4.44819e-167 4.06427e-167
0072 -3.62305e-01  1.00000e+00  1.00000e+00  0.00000e+00 9.85157e-167 8.99904e-167  7.00000e-01 9.85157e-167 8.99904e-167
0073 -3.60352e-01  1.00000e+00  1.00000e+00  0.00000e+00 2.14842e-166 1.96281e-166  7.00000e-01 2.14842e-166 1.96281e-166
0074 -3.58398e-01  1.00000e+00  1.00000e+00  0.00000e+00 4.60894e-166 4.21440e-166  7.00000e-01 4.60894e-166 4.21440e-166
0075 -3.56445e-01  1.00000e+00  1.00000e+00  0.00000e+00 9.71987e-166 8.90415e-166  7.00000e-01 9.71987e-166 8.90415e-166
0076 -3.54492e-01  1.00000e+00  1.00000e+00  0.00000e+00 2.01526e-165 1.85113e-165  7.00000e-01 2.01526e-165 1.85113e-165
0077 -3.52539e-01  1.00000e+00  1.00000e+00  0.00000e+00 4.11374e-165 3.78790e-165  7.00000e-01 4.11374e-165 3.78790e-165
0078 -3.50586e-01  1.00000e+00  1.00000e+00  0.00000e+00 8.29466e-165 7.62975e-165  7.00000e-01 8.29466e-165 7.62975e-165
0079 -3.48633e-01  1.00000e+00  1.00000e+00  0.00000e+00 1.65960e-164 1.51013e-164  7.00000e-01 1.65960e-164 1.51013e-164
0080 -3.46680e-01  1.00000e+00  1.00000e+00  0.00000e+00 3.29515e-164 2.92474e-164  7.00000e-01 3.29515e-164 2.92474e-164
0081 -3.44727e-01  1.00000e+00  1.00000e+00  0.00000e+00 6.32681e-164 5.52418e-164  7.00000e-01 6.32681e-164 5.52418e-164
0082 -3.42773e-01  1.00000e+00  1.00000e+00  0.00000e+00 8.37086e-164 1.16082e-163  7.00000e-01 8.37086e-164 1.16082e-163
0083 -3.40820e-01  1.00000e+00  1.00000e+00  0.00000e+00 3.20312e-163 1.50163e-163  7.00000e-01 3.20312e-163 1.50163e-163
0084 -3.38867e-01  1.00000e+00  1.00000e+00  0.00000e+00 9.93851e-162 4.47509e-162  7.00000e-01 9.93851e-162 4.47509e-162
0085 -3.36914e-01  1.00000e+00  1.00000e+00  0.00000e+00 4.56986e-160 2.03429e-160  7.00000e-01 4.56986e-160 2.03429e-160
0086 -3.34961e-01  1.00000e+00  1.00000e+00  0.00000e+00 2.09030e-158 9.29181e-159  7.00000e-01 2.09030e-158 9.29181e-159
0087 -3.33008e-01  1.00000e+00  1.00000e+00  0.00000e+00 9.46995e-157 4.20523e-157  7.00000e-01 9.46995e-157 4.20523e-157
0088 -3.31055e-01  1.00000e+00  1.00000e+00  0.00000e+00 4.25103e-155 1.88574e-155  7.00000e-01 4.25103e-155 1.88574e-155
0089 -3.29102e-01  1.00000e+00  1.00000e+00  0.00000e+00 1.89074e-153 8.37857e-154  7.00000e-01 1.89074e-153 8.37857e-154
0090 -3.27148e-01  1.00000e+00  1.00000e+00  0.00000e+00 8.33201e-152 3.68846e-152  7.00000e-01 8.33201e-152 3.68846e-152
0091 -3.25195e-01  1.00000e+00  1.00000e+00  0.00000e+00 3.63780e-150 1.60879e-150  7.00000e-01 3.63780e-150 1.60879e-150
0092 -3.23242e-01  1.00000e+00  1.00000e+00  0.00000e+00 1.57358e-148 6.95220e-149  7.00000e-01 1.57358e-148 6.95220e-149
0093 -3.21289e-01  1.00000e+00  1.00000e+00  0.00000e+00 6.74349e-147 2.97647e-147  7.00000e-01 6.74349e-147 2.97647e-147
0094 -3.19336e-01  1.00000e+00  1.00000e+00  0.00000e+00 2.86295e-145 1.26248e-145  7.00000e-01 2.86295e-145 1.26248e-145
0095 -3.17383e-01  1.00000e+00  1.00000e+00  0.00000e+00 1.20409e-143 5.30486e-144  7.00000e-01 1.20409e-143 5.30486e-144
0096 -3.15430e-01  1.00000e+00  1.00000e+00  0.00000e+00 5.01648e-142 2.20817e-142  7.00000e-01 5.01648e-142 2.20817e-142
0097 -3.13477e-01  1.00000e+00  1.00000e+00  0.00000e+00 2.07020e-140 9.10494e-141  7.00000e-01 2.07020e-140 9.10494e-141
0098 -3.11523e-01  1.00000e+00  1.00000e+00  0.00000e+00 8.46193e-139 3.71862e-139  7.00000e-01 8.46193e-139 3.71862e-139
0099 -3.09570e-01  1.00000e+00  1.00000e+00  0.00000e+00 3.42562e-137 1.50423e-137  7.00000e-01 3.42562e-137 1.50423e-137
0100 -3.07617e-01  1.00000e+00  1.00000e+00  0.00000e+00 1.37337e-135 6.02616e-136  7.00000e-01 1.37337e-135 6.02616e-136
0101 -3.05664e-01  1.00000e+00  1.00000e+00  0.00000e+00 5.45227e-134 2.39069e-134  7.00000e-01 5.45227e-134 2.39069e-134
0102 -3.03711e-01  1.00000e+00  1.00000e+00  0.00000e+00 2.14322e-132 9.39118e-133  7.00000e-01 2.14322e-132 9.39118e-133
0103 -3.01758e-01  1.00000e+00  1.00000e+00  0.00000e+00 8.34094e-131 3.65249e-131  7.00000e-01 8.34094e-131 3.65249e-131
0104 -2.99805e-01  1.00000e+00  1.00000e+00  0.00000e+00 3.21353e-129 1.40633e-129  7.00000e-01 3.21353e-129 1.40633e-129
0105 -2.97852e-01  1.00000e+00  1.00000e+00  0.00000e+00 1.22555e-127 5.36018e-128  7.00000e-01 1.22555e-127 5.36018e-128
0106 -2.95898e-01  1.00000e+00  1.00000e+00  0.00000e+00 4.62630e-126 2.02222e-126  7.00000e-01 4.62630e-126 2.02222e-126
0107 -2.93945e-01  1.00000e+00  1.00000e+00  0.00000e+00 1.72849e-124 7.55110e-125  7.00000e-01 1.72849e-124 7.55110e-125
0108 -2.91992e-01  1.00000e+00  1.00000e+00  0.00000e+00 6.39179e-123 2.79070e-123  7.00000e-01 6.39179e-123 2.79070e-123
0109 -2.90039e-01  1.00000e+00  1.00000e+00  0.00000e+00 2.33941e-121 1.02080e-121  7.00000e-01 2.33941e-121 1.02080e-121
0110 -2.88086e-01  1.00000e+00  1.00000e+00  0.00000e+00 8.47503e-120 3.69581e-120  7.00000e-01 8.47503e-120 3.69581e-120
0111 -2.86133e-01  1.00000e+00  1.00000e+00  0.00000e+00 3.03929e-118 1.32454e-118  7.00000e-01 3.03929e-118 1.32454e-118
0112 -2.84180e-01  1.00000e+00  1.00000e+00  0.00000e+00 1.07910e-116 4.69965e-117  7.00000e-01 1.07910e-116 4.69965e-117
0113 -2.82227e-01  1.00000e+00  1.00000e+00  0.00000e+00 3.79400e-115 1.65119e-115  7.00000e-01 3.79400e-115 1.65119e-115
0114 -2.80273e-01  1.00000e+00  1.00000e+00  0.00000e+00 1.32124e-113 5.74600e-114  7.00000e-01 1.32124e-113 5.74600e-114
0115 -2.78320e-01  1.00000e+00  1.00000e+00  0.00000e+00 4.55866e-112 1.98104e-112  7.00000e-01 4.55866e-112 1.98104e-112
0116 -2.76367e-01  1.00000e+00  1.00000e+00  0.00000e+00 1.55882e-110 6.76886e-111  7.00000e-01 1.55882e-110 6.76886e-111
0117 -2.74414e-01  1.00000e+00  1.00000e+00  0.00000e+00 5.28442e-109 2.29287e-109  7.00000e-01 5.28442e-109 2.29287e-109
0118 -2.72461e-01  1.00000e+00  1.00000e+00  0.00000e+00 1.77658e-107 7.70247e-108  7.00000e-01 1.77658e-107 7.70247e-108
0119 -2.70508e-01  1.00000e+00  1.00000e+00  0.00000e+00 5.92510e-106 2.56693e-106  7.00000e-01 5.92510e-106 2.56693e-106
0120 -2.68555e-01  1.00000e+00  1.00000e+00  0.00000e+00 1.96090e-104 8.48910e-105  7.00000e-01 1.96090e-104 8.48910e-105
0121 -2.66602e-01  1.00000e+00  1.00000e+00  0.00000e+00 6.44126e-103 2.78670e-103  7.00000e-01 6.44126e-103 2.78670e-103
0122 -2.64648e-01  1.00000e+00  1.00000e+00  0.00000e+00 2.10055e-101 9.08225e-102  7.00000e-01 2.10055e-101 9.08225e-102
0123 -2.62695e-01  1.00000e+00  1.00000e+00  0.00000e+00 6.80155e-100 2.93930e-100  7.00000e-01 6.80155e-100 2.93930e-100
0124 -2.60742e-01  1.00000e+00  1.00000e+00  0.00000e+00  2.18694e-98  9.44684e-99  7.00000e-01  2.18694e-98  9.44684e-99
0125 -2.58789e-01  1.00000e+00  1.00000e+00  0.00000e+00  6.98289e-97  3.01537e-97  7.00000e-01  6.98289e-97  3.01537e-97
0126 -2.56836e-01  1.00000e+00  1.00000e+00  0.00000e+00  2.21412e-95  9.55880e-96  7.00000e-01  2.21412e-95  9.55880e-96
0127 -2.54883e-01  1.00000e+00  1.00000e+00  0.00000e+00  6.97126e-94  3.00918e-94  7.00000e-01  6.97126e-94  3.00918e-94
0128 -2.52930e-01  1.00000e+00  1.00000e+00  0.00000e+00  2.17932e-92  9.40659e-93  7.00000e-01  2.17932e-92  9.40659e-93
0129 -2.50977e-01  1.00000e+00  1.00000e+00  0.00000e+00  6.76356e-91  2.91939e-91  7.00000e-01  6.76356e-91  2.91939e-91
0130 -2.49023e-01  1.00000e+00  1.00000e+00  0.00000e+00  2.08353e-89  8.99397e-90  7.00000e-01  2.08353e-89  8.99397e-90
0131 -2.47070e-01  1.00000e+00  1.00000e+00  6.36101e-17  6.36952e-88  2.74988e-88  7.00000e-01  6.36952e-88  2.74988e-88
0132 -2.45117e-01  1.00000e+00  1.00000e+00  1.24482e-15  1.93190e-86  8.34190e-87  7.00000e-01  1.93190e-86  8.34190e-87
0133 -2.43164e-01  1.00000e+00  1.00000e+00  1.03302e-14  5.81159e-85  2.50990e-85  7.00000e-01  5.81159e-85  2.50990e-85
0134 -2.41211e-01  1.00000e+00  1.00000e+00  7.53129e-14  1.73323e-83  7.48696e-84  7.00000e-01  1.73323e-83  7.48696e-84
0135 -2.39258e-01  1.00000e+00  1.00000e+00  5.23759e-13  5.12193e-82  2.21293e-82  7.00000e-01  5.12193e-82  2.21293e-82
0136 -2.37305e-01  1.00000e+00  1.00000e+00  3.57158e-12  1.49867e-80  6.47622e-81  7.00000e-01  1.49867e-80  6.47622e-81
0137 -2.35352e-01  1.00000e+00  1.00000e+00  2.38500e-11  4.33763e-79  1.87475e-79  7.00000e-01  4.33763e-79  1.87475e-79
0138 -2.33398e-01  1.00000e+00  1.00000e+00  1.55400e-10  1.24025e-77  5.36130e-78  7.00000e-01  1.24025e-77  5.36130e-78
0139 -2.31445e-01  1.00000e+00  1.00000e+00  9.83754e-10  3.49737e-76  1.51207e-76  7.00000e-01  3.49737e-76  1.51207e-76
0140 -2.29492e-01  1.00000e+00  1.00000e+00  6.01475e-09  9.70518e-75  4.19666e-75  7.00000e-01  9.70518e-75  4.19666e-75
0141 -2.27539e-01  1.00000e+00  1.00000e+00  3.52419e-08  2.64301e-73  1.14309e-73  7.00000e-01  2.64301e-73  1.14309e-73
0142 -2.25586e-01  1.00000e+00  1.00000e+00  1.95915e-07  7.03968e-72  3.04532e-72  7.00000e-01  7.03968e-72  3.04532e-72
0143 -2.23633e-01  9.99999e-01  9.99999e-01  1.02044e-06  1.82640e-70  7.90324e-71  7.00000e-01  1.82640e-70  7.90324e-71
0144 -2.21680e-01  9.99996e-01  9.99994e-01  4.90417e-06  4.59390e-69  1.98865e-69  7.00000e-01  4.59389e-69  1.98864e-69
0145 -2.19727e-01  9.99983e-01  9.99972e-01  2.13605e-05  1.11443e-67  4.82662e-68  7.00000e-01  1.11441e-67  4.82654e-68
0146 -2.17773e-01  9.99936e-01  9.99893e-01  8.26771e-05  2.59352e-66  1.12393e-66  7.00000e-01  2.59338e-66  1.12387e-66
0147 -2.15820e-01  9.99784e-01  9.99640e-01  2.78919e-04  5.76210e-65  2.49872e-65  7.00000e-01  5.76110e-65  2.49829e-65
0148 -2.13867e-01  9.99375e-01  9.98958e-01  8.07456e-04  1.21774e-63  5.28389e-64  7.00000e-01  1.21716e-63  5.28138e-64
0149 -2.11914e-01  9.98459e-01  9.97433e-01  1.99075e-03  2.44404e-62  1.06082e-62  7.00000e-01  2.44134e-62  1.05965e-62
0150 -2.09961e-01  9.96754e-01  9.94596e-01  4.19491e-03  4.66057e-61  2.02212e-61  7.00000e-01  4.65028e-61  2.01765e-61
0151 -2.08008e-01  9.94074e-01  9.90143e-01  7.66570e-03  8.45548e-60  3.66236e-60  7.00000e-01  8.42298e-60  3.64830e-60
0152 -2.06055e-01  9.90414e-01  9.84076e-01  1.24149e-02  1.45891e-58  6.29436e-59  7.00000e-01  1.45021e-58  6.25690e-59
0153 -2.04102e-01  9.85932e-01  9.76665e-01  1.82484e-02  2.37974e-57  1.01937e-57  7.00000e-01  2.35969e-57  1.01079e-57
0154 -2.02148e-01  9.80854e-01  9.68296e-01  2.48779e-02  3.61358e-56  1.53006e-56  7.00000e-01  3.57343e-56  1.51307e-56
0155 -2.00195e-01  9.75407e-01  9.59352e-01  3.20137e-02  4.96708e-55  2.06798e-55  7.00000e-01  4.89800e-55  2.03923e-55
0156 -1.98242e-01  9.69793e-01  9.50167e-01  3.93974e-02  5.93333e-54  2.41652e-54  7.00000e-01  5.83400e-54  2.37606e-54
0157 -1.96289e-01  9.64192e-01  9.41039e-01  4.67915e-02  5.87658e-53  2.33595e-53  7.00000e-01  5.76162e-53  2.29023e-53
0158 -1.94336e-01  9.58787e-01  9.32264e-01  5.39543e-02  4.68489e-52  1.82889e-52  7.00000e-01  4.58035e-52  1.78804e-52
0159 -1.92383e-01  9.53774e-01  9.24153e-01  6.06222e-02  3.12315e-51  1.22332e-51  7.00000e-01  3.04539e-51  1.19283e-51
0160 -1.90430e-01  9.49357e-01  9.17031e-01  6.65157e-02  2.04105e-50  8.31754e-51  7.00000e-01  1.98571e-50  8.09187e-51
0161 -1.88477e-01  9.45722e-01  9.11188e-01  7.13784e-02  1.71389e-49  7.52058e-50  7.00000e-01  1.66457e-49  7.30414e-50
0162 -1.86523e-01  9.42989e-01  9.06803e-01  7.50436e-02  2.29886e-48  1.07937e-48  7.00000e-01  2.23024e-48  1.04716e-48
0163 -1.84570e-01  9.41161e-01  9.03875e-01  7.74990e-02  4.53047e-47  2.19151e-47  7.00000e-01  4.39254e-47  2.12479e-47
0164 -1.82617e-01  9.40114e-01  9.02200e-01  7.89034e-02  1.05953e-45  5.16189e-46  7.00000e-01  1.02700e-45  5.00340e-46
0165 -1.80664e-01  9.39642e-01  9.01445e-01  7.95571e-02  2.60877e-44  1.27008e-44  7.00000e-01  2.52852e-44  1.23101e-44
0166 -1.78711e-01  9.39470e-01  9.01171e-01  7.97263e-02  6.44244e-43  3.12458e-43  7.00000e-01  6.24424e-43  3.02845e-43
0167 -1.76758e-01  9.39477e-01  9.01182e-01  7.97997e-02  1.55712e-41  7.50519e-42  7.00000e-01  1.50927e-41  7.27454e-42
0168 -1.74805e-01  9.39538e-01  9.01279e-01  7.97026e-02  3.60694e-40  1.72251e-40  7.00000e-01  3.49632e-40  1.66969e-40
0169 -1.72852e-01  9.39813e-01  9.01718e-01  7.92958e-02  7.80365e-39  3.67620e-39  7.00000e-01  7.56585e-39  3.56417e-39
0170 -1.70898e-01  9.40164e-01  9.02281e-01  7.88080e-02  1.52220e-37  7.02805e-38  7.00000e-01  1.47608e-37  6.81511e-38
0171 -1.68945e-01  9.40394e-01  9.02648e-01  7.85476e-02  2.54695e-36  1.14154e-36  7.00000e-01  2.46997e-36  1.10703e-36
0172 -1.66992e-01  9.40463e-01  9.02759e-01  7.84570e-02  3.40166e-35  1.46013e-35  7.00000e-01  3.29888e-35  1.41602e-35
0173 -1.65039e-01  9.40457e-01  9.02750e-01  7.84234e-02  3.28098e-34  1.32499e-34  7.00000e-01  3.18180e-34  1.28494e-34
0174 -1.63086e-01  9.40415e-01  9.02682e-01  7.84863e-02  2.04468e-33  7.67191e-34  7.00000e-01  1.98281e-33  7.43978e-34
0175 -1.61133e-01  9.40258e-01  9.02431e-01  7.87191e-02  8.02412e-33  2.82869e-33  7.00000e-01  7.78050e-33  2.74281e-33
0176 -1.59180e-01  9.40066e-01  9.02124e-01  7.89887e-02  2.30972e-32  7.96882e-33  7.00000e-01  2.23934e-32  7.72598e-33
0177 -1.57227e-01  9.39939e-01  9.01922e-01  7.91326e-02  6.87712e-32  2.49413e-32  7.00000e-01  6.66718e-32  2.41799e-32
0178 -1.55273e-01  9.39896e-01  9.01853e-01  7.91805e-02  3.77303e-31  1.58517e-31  7.00000e-01  3.65784e-31  1.53677e-31
0179 -1.53320e-01  9.39902e-01  9.01862e-01  7.92039e-02  5.14509e-30  2.37668e-30  7.00000e-01  4.98809e-30  2.30416e-30
0180 -1.51367e-01  9.39924e-01  9.01897e-01  7.91715e-02  1.01351e-28  4.76879e-29  7.00000e-01  9.82603e-29  4.62339e-29
0181 -1.49414e-01  9.40006e-01  9.02029e-01  7.90453e-02  2.11686e-27  9.97599e-28  7.00000e-01  2.05245e-27  9.67243e-28
0182 -1.47461e-01  9.40118e-01  9.02208e-01  7.88862e-02  4.41937e-26  2.08073e-26  7.00000e-01  4.28516e-26  2.01753e-26
0183 -1.45508e-01  9.40202e-01  9.02342e-01  7.87892e-02  9.13800e-25  4.29650e-25  7.00000e-01  8.86074e-25  4.16614e-25
0184 -1.43555e-01  9.40238e-01  9.02401e-01  7.87534e-02  1.86918e-23  8.77548e-24  7.00000e-01  1.81248e-23  8.50928e-24
0185 -1.41602e-01  9.40235e-01  9.02395e-01  7.87275e-02  3.78381e-22  1.77367e-22  7.00000e-01  3.66900e-22  1.71986e-22
0186 -1.39648e-01  9.40235e-01  9.02396e-01  7.87359e-02  7.58734e-21  3.55091e-21  7.00000e-01  7.35709e-21  3.44316e-21
0187 -1.37695e-01  9.40215e-01  9.02364e-01  7.87736e-02  1.50873e-19  7.04951e-20  7.00000e-01  1.46292e-19  6.83547e-20
0188 -1.35742e-01  9.40159e-01  9.02274e-01  7.88511e-02  2.97758e-18  1.38905e-18  7.00000e-01  2.88706e-18  1.34682e-18
0189 -1.33789e-01  9.40095e-01  9.02173e-01  7.89265e-02  5.83324e-17  2.71704e-17  7.00000e-01  5.65573e-17  2.63436e-17
0190 -1.31836e-01  9.40059e-01  9.02115e-01  7.89674e-02  1.13320e-15  5.27073e-16  7.00000e-01  1.09870e-15  5.11028e-16
0191 -1.29883e-01  9.40056e-01  9.02111e-01  7.89932e-02  2.17778e-14  1.01165e-14  7.00000e-01  2.11150e-14  9.80861e-15
0192 -1.27930e-01  9.40051e-01  9.02103e-01  7.89871e-02  4.12331e-13  1.91348e-13  7.00000e-01  3.99781e-13  1.85524e-13
0193 -1.25977e-01  9.40061e-01  9.02118e-01  7.89695e-02  7.64247e-12  3.54435e-12  7.00000e-01  7.40992e-12  3.43650e-12
0194 -1.24023e-01  9.40096e-01  9.02175e-01  7.89245e-02  1.37369e-10  6.37027e-11  7.00000e-01  1.33192e-10  6.17659e-11
0195 -1.22070e-01  9.40136e-01  9.02240e-01  7.88774e-02  2.36190e-09  1.09614e-09  7.00000e-01  2.29014e-09  1.06283e-09
0196 -1.20117e-01  9.40157e-01  9.02273e-01  7.88477e-02  3.80868e-08  1.77115e-08  7.00000e-01  3.69298e-08  1.71735e-08
0197 -1.18164e-01  9.40161e-01  9.02279e-01  7.88328e-02  5.59822e-07  2.61347e-07  7.00000e-01  5.42815e-07  2.53407e-07
0198 -1.16211e-01  9.40165e-01  9.02286e-01  7.88361e-02  7.20196e-06  3.38441e-06  7.00000e-01  6.98316e-06  3.28159e-06
0199 -1.14258e-01  9.40162e-01  9.02282e-01  7.88402e-02  7.66397e-05  3.63929e-05  7.00000e-01  7.43113e-05  3.52872e-05
0200 -1.12305e-01  9.40143e-01  9.02252e-01  7.88627e-02  6.26553e-04  3.02164e-04  7.00000e-01  6.07510e-04  2.92980e-04
0201 -1.10352e-01  9.40078e-01  9.02149e-01  7.89404e-02  3.62863e-03  1.78649e-03  7.00000e-01  3.51818e-03  1.73211e-03
0202 -1.08398e-01  9.39863e-01  9.01820e-01  7.91416e-02  1.41573e-02  7.13403e-03  7.00000e-01  1.37247e-02  6.91605e-03
0203 -1.06445e-01  9.39082e-01  9.00617e-01  7.97113e-02  3.78391e-02  1.94887e-02  7.00000e-01  3.66683e-02  1.88856e-02
0204 -1.04492e-01  9.36732e-01  8.96926e-01  8.14416e-02  7.45153e-02  3.90721e-02  7.00000e-01  7.21206e-02  3.78163e-02
0205 -1.02539e-01  9.31981e-01  8.89398e-01  8.50862e-02  1.18153e-01  6.28036e-02  7.00000e-01  1.14063e-01  6.06293e-02
0206 -1.00586e-01  9.25035e-01  8.78393e-01  9.04778e-02  1.62556e-01  8.72853e-02  7.00000e-01  1.56341e-01  8.39476e-02
0207 -9.86328e-02  9.16613e-01  8.65106e-01  9.70298e-02  2.04417e-01  1.10596e-01  7.00000e-01  1.95711e-01  1.05885e-01
0208 -9.66797e-02  9.07326e-01  8.50543e-01  1.04278e-01  2.42800e-01  1.32115e-01  7.00000e-01  2.31293e-01  1.25853e-01
0209 -9.47266e-02  8.97564e-01  8.35342e-01  1.11936e-01  2.77875e-01  1.51857e-01  7.00000e-01  2.63302e-01  1.43893e-01
0210 -9.27734e-02  8.87557e-01  8.19876e-01  1.19829e-01  3.10146e-01  1.70044e-01  7.00000e-01  2.92273e-01  1.60244e-01
0211 -9.08203e-02  8.77433e-01  8.04347e-01  1.27862e-01  3.40128e-01  1.86920e-01  7.00000e-01  3.18740e-01  1.75165e-01
0212 -8.88672e-02  8.67257e-01  7.88859e-01  1.35986e-01  3.68247e-01  2.02693e-01  7.00000e-01  3.43144e-01  1.88875e-01
0213 -8.69141e-02  8.57065e-01  7.73469e-01  1.44173e-01  3.94840e-01  2.17532e-01  7.00000e-01  3.65830e-01  2.01549e-01
0214 -8.49609e-02  8.46880e-01  7.58211e-01  1.52406e-01  4.20163e-01  2.31575e-01  7.00000e-01  3.87062e-01  2.13331e-01
0215 -8.30078e-02  8.36718e-01  7.43109e-01  1.60675e-01  4.44414e-01  2.44934e-01  7.00000e-01  4.07045e-01  2.24338e-01
0216 -8.10547e-02  8.26588e-01  7.28177e-01  1.68971e-01  4.67742e-01  2.57705e-01  7.00000e-01  4.25934e-01  2.34670e-01
0217 -7.91016e-02  8.16499e-01  7.13426e-01  1.77290e-01  4.90265e-01  2.69970e-01  7.00000e-01  4.43853e-01  2.44413e-01
0218 -7.71484e-02  8.06458e-01  6.98865e-01  1.85626e-01  5.12075e-01  2.81801e-01  7.00000e-01  4.60900e-01  2.53639e-01
0219 -7.51953e-02  7.96468e-01  6.84499e-01  1.93976e-01  5.33243e-01  2.93259e-01  7.00000e-01  4.77153e-01  2.62413e-01
0220 -7.32422e-02  7.86536e-01  6.70334e-01  2.02336e-01  5.53831e-01  3.04393e-01  7.00000e-01  4.92679e-01  2.70784e-01
0221 -7.12891e-02  7.76665e-01  6.56373e-01  2.10704e-01  5.73886e-01  3.15244e-01  7.00000e-01  5.07532e-01  2.78796e-01
0222 -6.93359e-02  7.66861e-01  6.42624e-01  2.19076e-01  5.93452e-01  3.25841e-01  7.00000e-01  5.21761e-01  2.86480e-01
0223 -6.73828e-02  7.57129e-01  6.29092e-01  2.27446e-01  6.12561e-01  3.36207e-01  7.00000e-01  5.35406e-01  2.93862e-01
0224 -6.54297e-02  7.47477e-01  6.15784e-01  2.35810e-01  6.31241e-01  3.46356e-01  7.00000e-01  5.48501e-01  3.00959e-01
0225 -6.34766e-02  7.37915e-01  6.02714e-01  2.44157e-01  6.49508e-01  3.56295e-01  7.00000e-01  5.61072e-01  3.07786e-01
0226 -6.15234e-02  7.28458e-01  5.89898e-01  2.52475e-01  6.67368e-01  3.66027e-01  7.00000e-01  5.73139e-01  3.14349e-01
0227 -5.95703e-02  7.19128e-01  5.77363e-01  2.60744e-01  6.84811e-01  3.75542e-01  7.00000e-01  5.84709e-01  3.20651e-01
0228 -5.76172e-02  7.09958e-01  5.65148e-01  2.68933e-01  7.01801e-01  3.84820e-01  7.00000e-01  5.95775e-01  3.26686e-01
0229 -5.56641e-02  7.01001e-01  5.53318e-01  2.76993e-01  7.18269e-01  3.93821e-01  7.00000e-01  6.06307e-01  3.32437e-01
0230 -5.37109e-02  6.92338e-01  5.41971e-01  2.84848e-01  7.34092e-01  4.02476e-01  7.00000e-01  6.16249e-01  3.37871e-01
0231 -5.17578e-02  6.84089e-01  5.31255e-01  2.92383e-01  7.49073e-01  4.10677e-01  7.00000e-01  6.25500e-01  3.42933e-01
0232 -4.98047e-02  6.76424e-01  5.21376e-01  2.99432e-01  7.62926e-01  4.18265e-01  7.00000e-01  6.33916e-01  3.47542e-01
0233 -4.78516e-02  6.69562e-01  5.12595e-01  3.05785e-01  7.75279e-01  4.25037e-01  7.00000e-01  6.41309e-01  3.51594e-01
0234 -4.58984e-02  6.63738e-01  5.05189e-01  3.11205e-01  7.85727e-01  4.30768e-01  7.00000e-01  6.47478e-01  3.54979e-01
0235 -4.39453e-02  6.59144e-01  4.99379e-01  3.15495e-01  7.93940e-01  4.35277e-01  7.00000e-01  6.52275e-01  3.57614e-01
0236 -4.19922e-02  6.55852e-01  4.95234e-01  3.18574e-01  7.99812e-01  4.38503e-01  7.00000e-01  6.55673e-01  3.59483e-01
0237 -4.00391e-02  6.53749e-01  4.92593e-01  3.20528e-01  8.03532e-01  4.40553e-01  7.00000e-01  6.57826e-01  3.60668e-01
0238 -3.80859e-02  6.52596e-01  4.91156e-01  3.21616e-01  8.05610e-01  4.41696e-01  7.00000e-01  6.58994e-01  3.61320e-01
0239 -3.61328e-02  6.52042e-01  4.90446e-01  3.22102e-01  8.06543e-01  4.42225e-01  7.00000e-01  6.59565e-01  3.61634e-01
0240 -3.41797e-02  6.51807e-01  4.90195e-01  3.22301e-01  8.06923e-01  4.42432e-01  7.00000e-01  6.59772e-01  3.61758e-01
0241 -3.22266e-02  6.51791e-01  4.90143e-01  3.22370e-01  8.07067e-01  4.42516e-01  7.00000e-01  6.59815e-01  3.61782e-01
0242 -3.02734e-02  6.51753e-01  4.90103e-01  3.22362e-01  8.07054e-01  4.42511e-01  7.00000e-01  6.59842e-01  3.61800e-01
0243 -2.83203e-02  6.51737e-01  4.90110e-01  3.22349e-01  8.07030e-01  4.42506e-01  7.00000e-01  6.59834e-01  3.61800e-01
0244 -2.63672e-02  6.51758e-01  4.90148e-01  3.22321e-01  8.06969e-01  4.42474e-01  7.00000e-01  6.59800e-01  3.61782e-01
0245 -2.44141e-02  6.51799e-01  4.90203e-01  3.22289e-01  8.06910e-01  4.42440e-01  7.00000e-01  6.59755e-01  3.61757e-01
0246 -2.24609e-02  6.51843e-01  4.90247e-01  3.22272e-01  8.06870e-01  4.42420e-01  7.00000e-01  6.59717e-01  3.61738e-01
0247 -2.05078e-02  6.51845e-01  4.90270e-01  3.22263e-01  8.06847e-01  4.42410e-01  7.00000e-01  6.59696e-01  3.61729e-01
0248 -1.85547e-02  6.51837e-01  4.90269e-01  3.22249e-01  8.06820e-01  4.42398e-01  7.00000e-01  6.59693e-01  3.61732e-01
0249 -1.66016e-02  6.51830e-01  4.90266e-01  3.22241e-01  8.06802e-01  4.42393e-01  7.00000e-01  6.59696e-01  3.61734e-01
0250 -1.46484e-02  6.51825e-01  4.90265e-01  3.22242e-01  8.06807e-01  4.42399e-01  7.00000e-01  6.59696e-01  3.61739e-01
0251 -1.26953e-02  6.51815e-01  4.90262e-01  3.22250e-01  8.06824e-01  4.42415e-01  7.00000e-01  6.59699e-01  3.61746e-01
0252 -1.07422e-02  6.51792e-01  4.90252e-01  3.22267e-01  8.06857e-01  4.42437e-01  7.00000e-01  6.59708e-01  3.61753e-01
0253 -8.78906e-03  6.51756e-01  4.90230e-01  3.22289e-01  8.06897e-01  4.42462e-01  7.00000e-01  6.59726e-01  3.61765e-01
0254 -6.83594e-03  6.51720e-01  4.90196e-01  3.22311e-01  8.06937e-01  4.42487e-01  7.00000e-01  6.59752e-01  3.61782e-01
0255 -4.88281e-03  6.51684e-01  4.90156e-01  3.22333e-01  8.06976e-01  4.42512e-01  7.00000e-01  6.59783e-01  3.61802e-01
0256 -2.92969e-03  6.51646e-01  4.90117e-01  3.22357e-01  8.07020e-01  4.42539e-01  7.00000e-01  6.59812e-01  3.61822e-01
0257 -9.76562e-04  6.51605e-01  4.90085e-01  3.22385e-01  8.07070e-01  4.42571e-01  7.00000e-01  6.59835e-01  3.61838e-01
0258  9.76562e-04  6.51564e-01  4.90060e-01  3.22413e-01  8.07121e-01  4.42602e-01  7.00000e-01  6.59854e-01  3.61851e-01
0259  2.92969e-03  6.51522e-01  4.90038e-01  3.22437e-01  8.07165e-01  4.42630e-01  7.00000e-01  6.59872e-01  3.61864e-01
0260  4.88281e-03  6.51480e-01  4.90014e-01  3.22454e-01  8.07196e-01  4.42649e-01  7.00000e-01  6.59891e-01  3.61876e-01
0261  6.83594e-03  6.51436e-01  4.89991e-01  3.22465e-01  8.07216e-01  4.42661e-01  7.00000e-01  6.59910e-01  3.61887e-01
0262  8.78906e-03  6.51393e-01  4.89973e-01  3.22473e-01  8.07231e-01  4.42669e-01  7.00000e-01  6.59924e-01  3.61895e-01
0263  1.07422e-02  6.51355e-01  4.89965e-01  3.22480e-01  8.07247e-01  4.42677e-01  7.00000e-01  6.59931e-01  3.61898e-01
0264  1.26953e-02  6.51317e-01  4.89964e-01  3.22490e-01  8.07264e-01  4.42685e-01  7.00000e-01  6.59932e-01  3.61897e-01
0265  1.46484e-02  6.51269e-01  4.89964e-01  3.22497e-01  8.07276e-01  4.42690e-01  7.00000e-01  6.59931e-01  3.61896e-01
0266  1.66016e-02  6.51201e-01  4.89960e-01  3.22500e-01  8.07278e-01  4.42690e-01  7.00000e-01  6.59934e-01  3.61896e-01
0267  1.85547e-02  6.51122e-01  4.89954e-01  3.22499e-01  8.07274e-01  4.42686e-01  7.00000e-01  6.59938e-01  3.61897e-01
0268  2.05078e-02  6.51047e-01  4.89951e-01  3.22498e-01  8.07272e-01  4.42684e-01  7.00000e-01  6.59939e-01  3.61898e-01
0269  2.24609e-02  6.50982e-01  4.89953e-01  3.22498e-01  8.07273e-01  4.42685e-01  7.00000e-01  6.59938e-01  3.61897e-01
0270  2.44141e-02  6.50911e-01  4.89957e-01  3.22502e-01  8.07278e-01  4.42688e-01  7.00000e-01  6.59934e-01  3.61895e-01
0271  2.63672e-02  6.50813e-01  4.89959e-01  3.22507e-01  8.07284e-01  4.42690e-01  7.00000e-01  6.59931e-01  3.61893e-01
0272  2.83203e-02  6.50667e-01  4.89958e-01  3.22511e-01  8.07286e-01  4.42691e-01  7.00000e-01  6.59931e-01  3.61894e-01
0273  3.02734e-02  6.50461e-01  4.89955e-01  3.22513e-01  8.07289e-01  4.42692e-01  7.00000e-01  6.59934e-01  3.61895e-01
0274  3.22266e-02  6.50186e-01  4.89951e-01  3.22515e-01  8.07291e-01  4.42693e-01  7.00000e-01  6.59937e-01  3.61897e-01
0275  3.41797e-02  6.49827e-01  4.89948e-01  3.22517e-01  8.07294e-01  4.42694e-01  7.00000e-01  6.59938e-01  3.61897e-01
0276  3.61328e-02  6.49335e-01  4.89948e-01  3.22522e-01  8.07297e-01  4.42695e-01  7.00000e-01  6.59935e-01  3.61895e-01
0277  3.80859e-02  6.48553e-01  4.89951e-01  3.22525e-01  8.07297e-01  4.42695e-01  7.00000e-01  6.59932e-01  3.61892e-01
0278  4.00391e-02  6.47108e-01  4.89955e-01  3.22523e-01  8.07294e-01  4.42693e-01  7.00000e-01  6.59927e-01  3.61890e-01
0279  4.19922e-02  6.44167e-01  4.89961e-01  3.22517e-01  8.07286e-01  4.42690e-01  7.00000e-01  6.59924e-01  3.61889e-01
0280  4.39453e-02  6.38093e-01  4.89964e-01  3.22514e-01  8.07277e-01  4.42686e-01  7.00000e-01  6.59920e-01  3.61887e-01
0281  4.58984e-02  6.26207e-01  4.89966e-01  3.22516e-01  8.07270e-01  4.42682e-01  7.00000e-01  6.59915e-01  3.61885e-01
0282  4.78516e-02  6.05264e-01  4.89969e-01  3.22519e-01  8.07270e-01  4.42682e-01  7.00000e-01  6.59910e-01  3.61883e-01
0283  4.98047e-02  5.73653e-01  4.89973e-01  3.22518e-01  8.07273e-01  4.42683e-01  7.00000e-01  6.59909e-01  3.61883e-01
0284  5.17578e-02  5.35796e-01  4.89978e-01  3.22514e-01  8.07278e-01  4.42686e-01  7.00000e-01  6.59911e-01  3.61884e-01
0285  5.37109e-02  5.04574e-01  4.89980e-01  3.22512e-01  8.07282e-01  4.42687e-01  7.00000e-01  6.59913e-01  3.61884e-01
0286  5.56641e-02  4.90536e-01  4.89977e-01  3.22517e-01  8.07282e-01  4.42685e-01  7.00000e-01  6.59912e-01  3.61882e-01
0287  5.76172e-02  4.88152e-01  4.89973e-01  3.22525e-01  8.07283e-01  4.42683e-01  7.00000e-01  6.59910e-01  3.61879e-01
0288  5.95703e-02  4.88184e-01  4.89972e-01  3.22528e-01  8.07287e-01  4.42684e-01  7.00000e-01  6.59911e-01  3.61878e-01
0289  6.15234e-02  4.88632e-01  4.89976e-01  3.22521e-01  8.07297e-01  4.42689e-01  7.00000e-01  6.59916e-01  3.61881e-01
0290  6.34766e-02  4.89933e-01  4.89980e-01  3.22518e-01  8.07309e-01  4.42696e-01  7.00000e-01  6.59921e-01  3.61885e-01
0291  6.54297e-02  4.91782e-01  4.89979e-01  3.22524e-01  8.07316e-01  4.42701e-01  7.00000e-01  6.59918e-01  3.61885e-01
0292  6.73828e-02  4.93291e-01  4.89967e-01  3.22555e-01  8.07312e-01  4.42702e-01  7.00000e-01  6.59906e-01  3.61880e-01
0293  6.93359e-02  4.94049e-01  4.89959e-01  3.22573e-01  8.07313e-01  4.42703e-01  7.00000e-01  6.59898e-01  3.61876e-01
0294  7.12891e-02  4.94354e-01  4.89961e-01  3.22572e-01  8.07320e-01  4.42707e-01  7.00000e-01  6.59903e-01  3.61879e-01
0295  7.32422e-02  4.94523e-01  4.89977e-01  3.22538e-01  8.07345e-01  4.42719e-01  7.00000e-01  6.59924e-01  3.61889e-01
0296  7.51953e-02  4.94664e-01  4.89984e-01  3.22525e-01  8.07364e-01  4.42727e-01  7.00000e-01  6.59936e-01  3.61894e-01
0297  7.71484e-02  4.94813e-01  4.89978e-01  3.22546e-01  8.07371e-01  4.42730e-01  7.00000e-01  6.59927e-01  3.61889e-01
0298  7.91016e-02  4.94972e-01  4.89951e-01  3.22614e-01  8.07358e-01  4.42722e-01  7.00000e-01  6.59898e-01  3.61873e-01
0299  8.10547e-02  4.95155e-01  4.89943e-01  3.22638e-01  8.07365e-01  4.42725e-01  7.00000e-01  6.59888e-01  3.61868e-01
0300  8.30078e-02  4.95346e-01  4.89962e-01  3.22595e-01  8.07394e-01  4.42740e-01  7.00000e-01  6.59915e-01  3.61882e-01
0301  8.49609e-02  4.95535e-01  4.90003e-01  3.22506e-01  8.07441e-01  4.42765e-01  7.00000e-01  6.59965e-01  3.61910e-01
0302  8.69141e-02  4.95682e-01  4.90013e-01  3.22490e-01  8.07457e-01  4.42773e-01  7.00000e-01  6.59974e-01  3.61914e-01
0303  8.88672e-02  4.95773e-01  4.89961e-01  3.22615e-01  8.07413e-01  4.42748e-01  7.00000e-01  6.59908e-01  3.61877e-01
0304  9.08203e-02  4.95840e-01  4.89904e-01  3.22763e-01  8.07358e-01  4.42717e-01  7.00000e-01  6.59826e-01  3.61831e-01
0305  9.27734e-02  4.95929e-01  4.89909e-01  3.22779e-01  8.07363e-01  4.42719e-01  7.00000e-01  6.59809e-01  3.61822e-01
0306  9.47266e-02  4.96076e-01  4.90030e-01  3.22525e-01  8.07468e-01  4.42776e-01  7.00000e-01  6.59937e-01  3.61893e-01
0307  9.66797e-02  4.96195e-01  4.90123e-01  3.22335e-01  8.07554e-01  4.42823e-01  7.00000e-01  6.60032e-01  3.61945e-01
0308  9.86328e-02  4.96247e-01  4.90115e-01  3.22360e-01  8.07550e-01  4.42821e-01  7.00000e-01  6.60018e-01  3.61937e-01
0309  1.00586e-01  4.96146e-01  4.89896e-01  3.22853e-01  8.07357e-01  4.42715e-01  7.00000e-01  6.59760e-01  3.61796e-01
0310  1.02539e-01  4.96114e-01  4.89795e-01  3.23099e-01  8.07266e-01  4.42665e-01  7.00000e-01  6.59633e-01  3.61725e-01
0311  1.04492e-01  4.96184e-01  4.89879e-01  3.22934e-01  8.07344e-01  4.42707e-01  7.00000e-01  6.59716e-01  3.61770e-01
0312  1.06445e-01  4.96440e-01  4.90276e-01  3.22080e-01  8.07710e-01  4.42907e-01  7.00000e-01  6.60160e-01  3.62014e-01
0313  1.08398e-01  4.96541e-01  4.90415e-01  3.21801e-01  8.07838e-01  4.42980e-01  7.00000e-01  6.60310e-01  3.62097e-01
0314  1.10352e-01  4.96412e-01  4.90173e-01  3.22349e-01  8.07628e-01  4.42866e-01  7.00000e-01  6.60025e-01  3.61942e-01
0315  1.12305e-01  4.96041e-01  4.89524e-01  3.23787e-01  8.07066e-01  4.42557e-01  7.00000e-01  6.59272e-01  3.61529e-01
0316  1.14258e-01  4.95992e-01  4.89391e-01  3.24162e-01  8.06925e-01  4.42483e-01  7.00000e-01  6.59091e-01  3.61427e-01
0317  1.16211e-01  4.96442e-01  4.90078e-01  3.22693e-01  8.07518e-01  4.42812e-01  7.00000e-01  6.59832e-01  3.61836e-01
0318  1.18164e-01  4.97036e-01  4.91003e-01  3.20572e-01  8.08477e-01  4.43338e-01  7.00000e-01  6.60915e-01  3.62429e-01
0319  1.20117e-01  4.97180e-01  4.91181e-01  3.20407e-01  8.08641e-01  4.43426e-01  7.00000e-01  6.61083e-01  3.62519e-01
0320  1.22070e-01  4.96347e-01  4.89779e-01  3.23614e-01  8.07142e-01  4.42604e-01  7.00000e-01  6.59303e-01  3.61544e-01
0321  1.24023e-01  4.95485e-01  4.88321e-01  3.26351e-01  8.06216e-01  4.42101e-01  7.00000e-01  6.57800e-01  3.60724e-01
0322  1.25977e-01  4.95687e-01  4.88614e-01  3.26796e-01  8.06941e-01  4.42496e-01  7.00000e-01  6.57950e-01  3.60807e-01
0323  1.27930e-01  4.97552e-01  4.91655e-01  3.20610e-01  8.08101e-01  4.43120e-01  7.00000e-01  6.60985e-01  3.62469e-01
0324  1.29883e-01  4.96478e-01  4.89823e-01  3.08418e-01  8.06083e-01  4.42015e-01  7.00000e-01  6.67230e-01  3.65898e-01
0325  1.31836e-01  4.81658e-01  4.65672e-01  3.17496e-01  7.71706e-01  4.23168e-01  7.00000e-01  6.70109e-01  3.67485e-01
0326  1.33789e-01  4.37828e-01  3.96594e-01  2.41867e-01  6.57839e-01  3.60794e-01  7.00000e-01  7.29140e-01  3.99806e-01
0327  1.35742e-01  3.49878e-01  2.65892e-01  9.32153e-02  4.15508e-01  2.28624e-01  7.00000e-01  8.16820e-01  4.47472e-01
0328  1.37695e-01  3.05592e-01  2.07330e-01 -1.92716e-03  2.63608e-01  1.45129e-01  7.00000e-01  8.60433e-01  4.71524e-01
0329  1.39648e-01  2.98798e-01  1.99478e-01 -1.58072e-02  2.38656e-01  1.30006e-01  7.00000e-01  8.66134e-01  4.75441e-01
0330  1.41602e-01  2.98301e-01  1.98918e-01 -1.66290e-02  2.37357e-01  1.28835e-01  7.00000e-01  8.66237e-01  4.75739e-01
0331  1.43555e-01  2.98260e-01  1.98864e-01 -1.67405e-02  2.37287e-01  1.28778e-01  7.00000e-01  8.66214e-01  4.75745e-01
0332  1.45508e-01  2.98242e-01  1.98837e-01 -1.68059e-02  2.37260e-01  1.28768e-01  7.00000e-01  8.66205e-01  4.75733e-01
0333  1.47461e-01  2.98223e-01  1.98809e-01 -1.68681e-02  2.37203e-01  1.28775e-01  7.00000e-01  8.66214e-01  4.75713e-01
0334  1.49414e-01  2.98204e-01  1.98781e-01 -1.69244e-02  2.37099e-01  1.28817e-01  7.00000e-01  8.66248e-01  4.75682e-01
0335  1.51367e-01  2.98187e-01  1.98756e-01 -1.69606e-02  2.36947e-01  1.28930e-01  7.00000e-01  8.66316e-01  4.75611e-01
0336  1.53320e-01  2.98174e-01  1.98734e-01 -1.69788e-02  2.36725e-01  1.29171e-01  7.00000e-01  8.66428e-01  4.75472e-01
0337  1.55273e-01  2.98163e-01  1.98715e-01 -1.69845e-02  2.36403e-01  1.29595e-01  7.00000e-01  8.66593e-01  4.75237e-01
0338  1.57227e-01  2.98151e-01  1.98696e-01 -1.69855e-02  2.35978e-01  1.30202e-01  7.00000e-01  8.66816e-01  4.74903e-01
0339  1.59180e-01  2.98140e-01  1.98678e-01 -1.69878e-02  2.35509e-01  1.30888e-01  7.00000e-01  8.67063e-01  4.74521e-01
0340  1.61133e-01  2.98127e-01  1.98658e-01 -1.70045e-02  2.35138e-01  1.31413e-01  7.00000e-01  8.67256e-01  4.74228e-01
0341  1.63086e-01  2.98116e-01  1.98639e-01 -1.70216e-02  2.34955e-01  1.31609e-01  7.00000e-01  8.67348e-01  4.74118e-01
0342  1.65039e-01  2.98107e-01  1.98624e-01 -1.70306e-02  2.34896e-01  1.31607e-01  7.00000e-01  8.67377e-01  4.74117e-01
0343  1.66992e-01  2.98095e-01  1.98605e-01 -1.70741e-02  2.34878e-01  1.31561e-01  7.00000e-01  8.67362e-01  4.74141e-01
0344  1.68945e-01  2.98081e-01  1.98583e-01 -1.71223e-02  2.34956e-01  1.31325e-01  7.00000e-01  8.67315e-01  4.74234e-01
0345  1.70898e-01  2.98068e-01  1.98563e-01 -1.71651e-02  2.35194e-01  1.30817e-01  7.00000e-01  8.67150e-01  4.74530e-01
0346  1.72852e-01  2.98056e-01  1.98545e-01 -1.72123e-02  2.35731e-01  1.29784e-01  7.00000e-01  8.66842e-01  4.75089e-01
0347  1.74805e-01  2.98046e-01  1.98528e-01 -1.72679e-02  2.36550e-01  1.28240e-01  7.00000e-01  8.66398e-01  4.75895e-01
0348  1.76758e-01  2.98034e-01  1.98509e-01 -1.73335e-02  2.37354e-01  1.26753e-01  7.00000e-01  8.65941e-01  4.76692e-01
0349  1.78711e-01  2.98025e-01  1.98495e-01 -1.73361e-02  2.37718e-01  1.26004e-01  7.00000e-01  8.65720e-01  4.77130e-01
0350  1.80664e-01  2.98022e-01  1.98487e-01 -1.73207e-02  2.37727e-01  1.25892e-01  7.00000e-01  8.65695e-01  4.77209e-01
0351  1.82617e-01  2.98015e-01  1.98474e-01 -1.73473e-02  2.37684e-01  1.25892e-01  7.00000e-01  8.65746e-01  4.77139e-01
0352  1.84570e-01  2.98006e-01  1.98459e-01 -1.73637e-02  2.37356e-01  1.26367e-01  7.00000e-01  8.65895e-01  4.76919e-01
0353  1.86523e-01  2.98001e-01  1.98448e-01 -1.73575e-02  2.36479e-01  1.27854e-01  7.00000e-01  8.66377e-01  4.76093e-01
0354  1.88477e-01  2.97998e-01  1.98440e-01 -1.73495e-02  2.34404e-01  1.31553e-01  7.00000e-01  8.67508e-01  4.74076e-01
0355  1.90430e-01  2.97994e-01  1.98432e-01 -1.73450e-02  2.30140e-01  1.39335e-01  7.00000e-01  8.69832e-01  4.69826e-01
0356  1.92383e-01  2.97987e-01  1.98421e-01 -1.73550e-02  2.22207e-01  1.54171e-01  7.00000e-01  8.74156e-01  4.61724e-01
0357  1.94336e-01  2.97974e-01  1.98405e-01 -1.73946e-02  2.08677e-01  1.80390e-01  7.00000e-01  8.81526e-01  4.47403e-01
0358  1.96289e-01  2.97946e-01  1.98378e-01 -1.74865e-02  1.87575e-01  2.23659e-01  7.00000e-01  8.93010e-01  4.23767e-01
0359  1.98242e-01  2.97899e-01  1.98333e-01 -1.76475e-02  1.57897e-01  2.90170e-01  7.00000e-01  9.09149e-01  3.87436e-01
0360  2.00195e-01  2.97833e-01  1.98258e-01 -1.78738e-02  1.21128e-01  3.84412e-01  7.00000e-01  9.29124e-01  3.35963e-01
0361  2.02148e-01  2.97766e-01  1.98143e-01 -1.81203e-02  8.23135e-02  5.05321e-01  7.00000e-01  9.50201e-01  2.69945e-01
0362  2.04102e-01  2.97724e-01  1.97982e-01 -1.82805e-02  4.88325e-02  6.42209e-01  7.00000e-01  9.68395e-01  1.95231e-01
0363  2.06055e-01  2.97703e-01  1.97775e-01 -1.84300e-02  2.64439e-02  7.74607e-01  7.00000e-01  9.80560e-01  1.22981e-01
0364  2.08008e-01  2.97681e-01  1.97574e-01 -1.86463e-02  1.54920e-02  8.80174e-01  7.00000e-01  9.86490e-01  6.53771e-02
0365  2.09961e-01  2.97667e-01  1.97456e-01 -1.87676e-02  1.17197e-02  9.47426e-01  7.00000e-01  9.88525e-01  2.86834e-02
0366  2.11914e-01  2.97664e-01  1.97418e-01 -1.87561e-02  1.08045e-02  9.81082e-01  7.00000e-01  9.89025e-01  1.03212e-02
0367  2.13867e-01  2.97670e-01  1.97419e-01 -1.86826e-02  1.06240e-02  9.94357e-01  7.00000e-01  9.89139e-01  3.07852e-03
0368  2.15820e-01  2.97673e-01  1.97421e-01 -1.86563e-02  1.05956e-02  9.98574e-01  7.00000e-01  9.89161e-01  7.78259e-04
0369  2.17773e-01  2.97673e-01  1.97421e-01 -1.86570e-02  1.05954e-02  9.99686e-01  7.00000e-01  9.89161e-01  1.71292e-04
0370  2.19727e-01  2.97672e-01  1.97420e-01 -1.86668e-02  1.06017e-02  9.99938e-01  7.00000e-01  9.89155e-01  3.36978e-05
0371  2.21680e-01  2.97667e-01  1.97415e-01 -1.87035e-02  1.06234e-02  9.99989e-01  7.00000e-01  9.89133e-01  6.06391e-06
0372  2.23633e-01  2.97662e-01  1.97409e-01 -1.87462e-02  1.06478e-02  9.99998e-01  7.00000e-01  9.89108e-01  1.01734e-06
0373  2.25586e-01  2.97659e-01  1.97406e-01 -1.87672e-02  1.06597e-02  1.00000e+00  7.00000e-01  9.89096e-01  1.61550e-07
0374  2.27539e-01  2.97659e-01  1.97406e-01 -1.87695e-02  1.06610e-02  1.00000e+00  7.00000e-01  9.89095e-01  2.45651e-08
0375  2.29492e-01  2.97659e-01  1.97406e-01 -1.87674e-02  1.06598e-02  1.00000e+00  7.00000e-01  9.89096e-01  3.60829e-09
0376  2.31445e-01  2.97661e-01  1.97408e-01 -1.87522e-02  1.06511e-02  1.00000e+00  7.00000e-01  9.89105e-01  5.15333e-10
0377  2.33398e-01  2.97665e-01  1.97413e-01 -1.87196e-02  1.06325e-02  1.00000e+00  7.00000e-01  9.89124e-01  7.19073e-11
0378  2.35352e-01  2.97669e-01  1.97417e-01 -1.86902e-02  1.06157e-02  1.00000e+00  7.00000e-01  9.89141e-01  9.83740e-12
0379  2.37305e-01  2.97670e-01  1.97418e-01 -1.86794e-02  1.06096e-02  1.00000e+00  7.00000e-01  9.89147e-01  1.32328e-12
0380  2.39258e-01  2.97670e-01  1.97418e-01 -1.86791e-02  1.06094e-02  1.00000e+00  7.00000e-01  9.89147e-01  1.75966e-13
0381  2.41211e-01  2.97670e-01  1.97418e-01 -1.86823e-02  1.06112e-02  1.00000e+00  7.00000e-01  9.89146e-01  2.30488e-14
0382  2.43164e-01  2.97668e-01  1.97416e-01 -1.86986e-02  1.06205e-02  1.00000e+00  7.00000e-01  9.89136e-01  2.87219e-15
0383  2.45117e-01  2.97664e-01  1.97412e-01 -1.87270e-02  1.06367e-02  1.00000e+00  7.00000e-01  9.89120e-01 -3.60297e-17
0384  2.47070e-01  2.97662e-01  1.97409e-01 -1.87488e-02  1.06492e-02  1.00000e+00  7.00000e-01  9.89107e-01 -3.02243e-16
0385  2.49023e-01  2.97661e-01  1.97408e-01 -1.87553e-02  1.06529e-02  1.00000e+00  7.00000e-01  9.89103e-01 -3.15629e-16
0386  2.50977e-01  2.97661e-01  1.97408e-01 -1.87549e-02  1.06527e-02  1.00000e+00  7.00000e-01  9.89103e-01 -1.60733e-16
0387  2.52930e-01  2.97662e-01  1.97409e-01 -1.87506e-02  1.06502e-02  1.00000e+00  7.00000e-01  9.89106e-01 -5.52518e-17
0388  2.54883e-01  2.97664e-01  1.97411e-01 -1.87339e-02  1.06407e-02  1.00000e+00  7.00000e-01  9.89116e-01 -5.52505e-17
0389  2.56836e-01  2.97666e-01  1.97414e-01 -1.87121e-02  1.06282e-02  1.00000e+00  7.00000e-01  9.89128e-01 -7.36692e-17
0390  2.58789e-01  2.97668e-01  1.97415e-01 -1.87009e-02  1.06218e-02  1.00000e+00  7.00000e-01  9.89135e-01 -1.28926e-16
0391  2.60742e-01  2.97668e-01  1.97416e-01 -1.87000e-02  1.06213e-02  1.00000e+00  7.00000e-01  9.89135e-01 -2.39437e-16
0392  2.62695e-01  2.97668e-01  1.97415e-01 -1.87020e-02  1.06225e-02  1.00000e+00  7.00000e-01  9.89134e-01 -2.68727e-16
0393  2.64648e-01  2.97666e-01  1.97413e-01 -1.87162e-02  1.06305e-02  1.00000e+00  7.00000e-01  9.89126e-01 -2.18503e-16
0394  2.66602e-01  2.97661e-01  1.97408e-01 -1.87542e-02  1.06523e-02  1.00000e+00  7.00000e-01  9.89104e-01 -1.84182e-16
0395  2.68555e-01  2.97654e-01  1.97400e-01 -1.88118e-02  1.06851e-02  1.00000e+00  7.00000e-01  9.89070e-01 -9.20894e-17
0396  2.70508e-01  2.97647e-01  1.97393e-01 -1.88647e-02  1.07153e-02  1.00000e+00  7.00000e-01  9.89040e-01 -1.84165e-17
0397  2.72461e-01  2.97644e-01  1.97389e-01 -1.88930e-02  1.07315e-02  1.00000e+00  7.00000e-01  9.89023e-01 -8.70589e-17
0398  2.74414e-01  2.97643e-01  1.97388e-01 -1.89004e-02  1.07357e-02  1.00000e+00  7.00000e-01  9.89019e-01 -2.09331e-17
0399  2.76367e-01  2.97643e-01  1.97388e-01 -1.89000e-02  1.07355e-02  1.00000e+00  7.00000e-01  9.89019e-01 -7.61882e-17
0400  2.78320e-01  2.97643e-01  1.97389e-01 -1.88962e-02  1.07333e-02  1.00000e+00  7.00000e-01  9.89021e-01  2.37182e-21
0401  2.80273e-01  2.97646e-01  1.97391e-01 -1.88777e-02  1.07228e-02  1.00000e+00  7.00000e-01  9.89032e-01  1.31448e-16
0402  2.82227e-01  2.97651e-01  1.97397e-01 -1.88371e-02  1.06996e-02  1.00000e+00  7.00000e-01  9.89056e-01  1.44832e-16
0403  2.84180e-01  2.97658e-01  1.97405e-01 -1.87754e-02  1.06643e-02  1.00000e+00  7.00000e-01  9.89092e-01  1.47348e-16
0404  2.86133e-01  2.97668e-01  1.97415e-01 -1.87014e-02  1.06221e-02  1.00000e+00  7.00000e-01  9.89134e-01  2.21022e-16
0405  2.88086e-01  2.97677e-01  1.97426e-01 -1.86255e-02  1.05788e-02  1.00000e+00  7.00000e-01  9.89179e-01  2.02604e-16
0406  2.90039e-01  2.97686e-01  1.97435e-01 -1.85556e-02  1.05388e-02  1.00000e+00  7.00000e-01  9.89219e-01  1.47347e-16
0407  2.91992e-01  2.97693e-01  1.97443e-01 -1.84975e-02  1.05057e-02  1.00000e+00  7.00000e-01  9.89253e-01  9.20910e-17
0408  2.93945e-01  2.97698e-01  1.97449e-01 -1.84555e-02  1.04817e-02  1.00000e+00  7.00000e-01  9.89277e-01  5.27376e-17
0409  2.95898e-01  2.97701e-01  1.97453e-01 -1.84310e-02  1.04677e-02  1.00000e+00  7.00000e-01  9.89292e-01 -1.28931e-16
0410  2.97852e-01  2.97703e-01  1.97454e-01 -1.84208e-02  1.04619e-02  1.00000e+00  7.00000e-01  9.89297e-01 -2.76279e-16
0411  2.99805e-01  2.97703e-01  1.97454e-01 -1.84188e-02  1.04607e-02  1.00000e+00  7.00000e-01  9.89299e-01 -2.76281e-16
0412  3.01758e-01  2.97703e-01  1.97454e-01 -1.84190e-02  1.04608e-02  1.00000e+00  7.00000e-01  9.89299e-01 -2.21025e-16
0413  3.03711e-01  2.97703e-01  1.97454e-01 -1.84211e-02  1.04620e-02  1.00000e+00  7.00000e-01  9.89297e-01 -2.18507e-16
0414  3.05664e-01  2.97701e-01  1.97453e-01 -1.84301e-02  1.04672e-02  1.00000e+00  7.00000e-01  9.89292e-01 -2.36926e-16
0415  3.07617e-01  2.97699e-01  1.97450e-01 -1.84509e-02  1.04791e-02  1.00000e+00  7.00000e-01  9.89280e-01 -1.63252e-16
0416  3.09570e-01  2.97695e-01  1.97445e-01 -1.84844e-02  1.04982e-02  1.00000e+00  7.00000e-01  9.89261e-01 -1.84186e-16
0417  3.11523e-01  2.97690e-01  1.97440e-01 -1.85252e-02  1.05215e-02  1.00000e+00  7.00000e-01  9.89237e-01 -2.02604e-16
0418  3.13477e-01  2.97685e-01  1.97434e-01 -1.85653e-02  1.05444e-02  1.00000e+00  7.00000e-01  9.89214e-01 -1.26414e-16
0419  3.15430e-01  2.97680e-01  1.97429e-01 -1.85992e-02  1.05637e-02  1.00000e+00  7.00000e-01  9.89194e-01 -2.21024e-16
0420  3.17383e-01  2.97677e-01  1.97426e-01 -1.86259e-02  1.05790e-02  1.00000e+00  7.00000e-01  9.89178e-01 -4.02693e-16
0421  3.19336e-01  2.97674e-01  1.97423e-01 -1.86479e-02  1.05915e-02  1.00000e+00  7.00000e-01  9.89166e-01 -2.57860e-16
0422  3.21289e-01  2.97672e-01  1.97420e-01 -1.86688e-02  1.06035e-02  1.00000e+00  7.00000e-01  9.89153e-01 -9.20943e-17
0423  3.23242e-01  2.97669e-01  1.97416e-01 -1.86927e-02  1.06171e-02  1.00000e+00  7.00000e-01  9.89140e-01 -5.77717e-17
0424  3.25195e-01  2.97665e-01  1.97412e-01 -1.87249e-02  1.06355e-02  1.00000e+00  7.00000e-01  9.89121e-01 -9.96398e-17
0425  3.27148e-01  2.97659e-01  1.97406e-01 -1.87723e-02  1.06625e-02  1.00000e+00  7.00000e-01  9.89093e-01 -1.44832e-16
0426  3.29102e-01  2.97650e-01  1.97396e-01 -1.88437e-02  1.07033e-02  1.00000e+00  7.00000e-01  9.89052e-01 -1.49865e-16
0427  3.31055e-01  2.97637e-01  1.97381e-01 -1.89488e-02  1.07633e-02  1.00000e+00  7.00000e-01  9.88991e-01 -3.93535e-17
0428  3.33008e-01  2.97619e-01  1.97361e-01 -1.90957e-02  1.08472e-02  1.00000e+00  7.00000e-01  9.88906e-01 -1.84190e-17
0429  3.34961e-01  2.97595e-01  1.97335e-01 -1.92848e-02  1.09552e-02  1.00000e+00  7.00000e-01  9.88796e-01 -3.43222e-17
0430  3.36914e-01  2.97568e-01  1.97305e-01 -1.95020e-02  1.10793e-02  1.00000e+00  7.00000e-01  9.88670e-01 -9.46103e-17
0431  3.38867e-01  2.97542e-01  1.97276e-01 -1.97150e-02  1.12010e-02  1.00000e+00  7.00000e-01  9.88546e-01 -2.02605e-16
0432  3.40820e-01  2.97520e-01  1.97253e-01 -1.98846e-02  1.12978e-02  1.00000e+00  7.00000e-01  9.88448e-01 -1.63251e-16
0433  3.42773e-01  2.97508e-01  1.97239e-01 -1.99860e-02  1.13558e-02  1.00000e+00  7.00000e-01  9.88389e-01 -1.28929e-16
0434  3.44727e-01  2.97503e-01  1.97233e-01 -2.00265e-02  1.13789e-02  1.00000e+00  7.00000e-01  9.88365e-01 -1.49864e-16
0435  3.46680e-01  2.97502e-01  1.97232e-01 -2.00333e-02  1.13828e-02  1.00000e+00  7.00000e-01  9.88361e-01 -1.26412e-16
0436  3.48633e-01  2.97502e-01  1.97232e-01 -2.00320e-02  1.13820e-02  1.00000e+00  7.00000e-01  9.88362e-01 -5.77706e-17
0437  3.50586e-01  2.97504e-01  1.97234e-01 -2.00183e-02  1.13742e-02  1.00000e+00  7.00000e-01  9.88370e-01 -2.51463e-18
0438  3.52539e-01  2.97511e-01  1.97242e-01 -1.99626e-02  1.13424e-02  1.00000e+00  7.00000e-01  9.88402e-01 -9.71240e-17
0439  3.54492e-01  2.97528e-01  1.97261e-01 -1.98223e-02  1.12622e-02  1.00000e+00  7.00000e-01  9.88484e-01 -1.76637e-16
0440  3.56445e-01  2.97563e-01  1.97299e-01 -1.95445e-02  1.11035e-02  1.00000e+00  7.00000e-01  9.88645e-01 -2.15991e-16
0441  3.58398e-01  2.97621e-01  1.97364e-01 -1.90761e-02  1.08360e-02  1.00000e+00  7.00000e-01  9.88917e-01  4.18677e-17
0442  3.60352e-01  2.97708e-01  1.97460e-01 -1.83786e-02  1.04378e-02  1.00000e+00  7.00000e-01  9.89322e-01  2.39439e-16
0443  3.62305e-01  2.97824e-01  1.97589e-01 -1.74423e-02  9.90348e-03  1.00000e+00  7.00000e-01  9.89866e-01  2.68728e-16
0444  3.64258e-01  2.97968e-01  1.97747e-01 -1.62909e-02  9.24681e-03  1.00000e+00  7.00000e-01  9.90534e-01  1.65764e-16
0445  3.66211e-01  2.98132e-01  1.97928e-01 -1.49753e-02  8.49694e-03  1.00000e+00  7.00000e-01  9.91298e-01  1.47347e-16
0446  3.68164e-01  2.98308e-01  1.98124e-01 -1.35575e-02  7.68948e-03  1.00000e+00  7.00000e-01  9.92122e-01  1.28928e-16
0447  3.70117e-01  2.98490e-01  1.98326e-01 -1.20953e-02  6.85740e-03  1.00000e+00  7.00000e-01  9.92971e-01  1.81668e-16
0448  3.72070e-01  2.98673e-01  1.98528e-01 -1.06322e-02  6.02545e-03  1.00000e+00  7.00000e-01  9.93821e-01  2.10151e-16
0449  3.74023e-01  2.98852e-01  1.98726e-01 -9.19580e-03  5.20935e-03  1.00000e+00  7.00000e-01  9.94656e-01  2.76277e-16
0450  3.75977e-01  2.99026e-01  1.98919e-01 -7.80283e-03  4.41855e-03  1.00000e+00  7.00000e-01  9.95465e-01  3.13114e-16
0451  3.77930e-01  2.99192e-01  1.99104e-01 -6.46664e-03  3.66055e-03  1.00000e+00  7.00000e-01  9.96241e-01  3.49951e-16
0452  3.79883e-01  2.99350e-01  1.99278e-01 -5.20407e-03  2.94483e-03  1.00000e+00  7.00000e-01  9.96975e-01  3.26501e-16
0453  3.81836e-01  2.99495e-01  1.99440e-01 -4.03912e-03  2.28488e-03  1.00000e+00  7.00000e-01  9.97652e-01  2.36924e-16
0454  3.83789e-01  2.99625e-01  1.99584e-01 -3.00154e-03  1.69745e-03  1.00000e+00  7.00000e-01  9.98255e-01  1.28929e-16
0455  3.85742e-01  2.99735e-01  1.99706e-01 -2.12046e-03  1.19888e-03  1.00000e+00  7.00000e-01  9.98767e-01  1.68282e-16
0456  3.87695e-01  2.99823e-01  1.99804e-01 -1.41524e-03  7.99999e-04  1.00000e+00  7.00000e-01  9.99177e-01  1.26413e-16
0457  3.89648e-01  2.99889e-01  1.99877e-01 -8.88084e-04  5.01935e-04  1.00000e+00  7.00000e-01  9.99484e-01  1.65766e-16
0458  3.91602e-01  2.99935e-01  1.99927e-01 -5.22387e-04  2.95215e-04  1.00000e+00  7.00000e-01  9.99696e-01  9.46080e-17
0459  3.93555e-01  2.99964e-01  1.99960e-01 -2.87717e-04  1.62585e-04  1.00000e+00  7.00000e-01  9.99833e-01  2.09340e-17
0460  3.95508e-01  2.99981e-01  1.99979e-01 -1.48477e-04  8.38987e-05  1.00000e+00  7.00000e-01  9.99914e-01  2.09348e-17
0461  3.97461e-01  2.99991e-01  1.99990e-01 -7.19416e-05  4.06505e-05  1.00000e+00  7.00000e-01  9.99958e-01  2.09355e-17
0462  3.99414e-01  2.99996e-01  1.99995e-01 -3.28316e-05  1.85512e-05  1.00000e+00  7.00000e-01  9.99981e-01  1.65768e-16
0463  4.01367e-01  2.99998e-01  1.99998e-01 -1.41654e-05  8.00402e-06  1.00000e+00  7.00000e-01  9.99992e-01  1.81670e-16
0464  4.03320e-01  2.99999e-01  1.99999e-01 -5.80171e-06  3.27818e-06  1.00000e+00  7.00000e-01  9.99997e-01  2.34410e-16
0465  4.05273e-01  3.00000e-01  2.00000e-01 -2.26486e-06  1.27973e-06  1.00000e+00  7.00000e-01  9.99999e-01  2.05121e-16
0466  4.07227e-01  3.00000e-01  2.00000e-01 -8.46017e-07  4.78030e-07  1.00000e+00  7.00000e-01  1.00000e+00  1.44835e-16
0467  4.09180e-01  3.00000e-01  2.00000e-01 -3.03490e-07  1.71483e-07  1.00000e+00  7.00000e-01  1.00000e+00  3.68391e-17
0468  4.11133e-01  3.00000e-01  2.00000e-01 -1.04896e-07  5.92699e-08  1.00000e+00  7.00000e-01  1.00000e+00  5.52566e-17
0469  4.13086e-01  3.00000e-01  2.00000e-01 -3.50335e-08  1.97952e-08  1.00000e+00  7.00000e-01  1.00000e+00  6.02887e-17
0470  4.15039e-01  3.00000e-01  2.00000e-01 -1.13351e-08  6.40475e-09  1.00000e+00  7.00000e-01  1.00000e+00 -7.11565e-17
0471  4.16992e-01  3.00000e-01  2.00000e-01 -3.56076e-09  2.01196e-09  1.00000e+00  7.00000e-01  1.00000e+00 -1.63249e-16
0472  4.18945e-01  3.00000e-01  2.00000e-01 -1.08808e-09  6.14808e-10  1.00000e+00  7.00000e-01  1.00000e+00 -3.34049e-16
0473  4.20898e-01  3.00000e-01  2.00000e-01 -3.23959e-10  1.83049e-10  1.00000e+00  7.00000e-01  1.00000e+00 -4.76365e-16
0474  4.22852e-01  3.00000e-01  2.00000e-01 -9.41091e-11  5.31751e-11  1.00000e+00  7.00000e-01  1.00000e+00 -3.89303e-16
0475  4.24805e-01  3.00000e-01  2.00000e-01 -2.67065e-11  1.50891e-11  1.00000e+00  7.00000e-01  1.00000e+00 -3.73400e-16
0476  4.26758e-01  3.00000e-01  2.00000e-01 -7.41049e-12  4.18697e-12  1.00000e+00  7.00000e-01  1.00000e+00 -4.26140e-16
0477  4.28711e-01  3.00000e-01  2.00000e-01 -2.01270e-12  1.13584e-12  1.00000e+00  7.00000e-01  1.00000e+00 -5.15716e-16
0478  4.30664e-01  3.00000e-01  2.00000e-01 -5.36797e-13  3.02102e-13  1.00000e+00  7.00000e-01  1.00000e+00 -5.52553e-16
0479  4.32617e-01  3.00000e-01  2.00000e-01 -1.40877e-13  7.84519e-14  1.00000e+00  7.00000e-01  1.00000e+00 -7.45093e-16
0480  4.34570e-01  3.00000e-01  2.00000e-01 -3.72170e-14  1.90081e-14  1.00000e+00  7.00000e-01  1.00000e+00 -6.55516e-16
0481  4.36523e-01  3.00000e-01  2.00000e-01 -1.07473e-14  4.24132e-15  1.00000e+00  7.00000e-01  1.00000e+00 -6.44645e-16
0482  4.38477e-01  3.00000e-01  2.00000e-01 -4.01699e-15  1.39800e-15  1.00000e+00  7.00000e-01  1.00000e+00 -6.36290e-16
0483  4.40430e-01  3.00000e-01  2.00000e-01 -2.01343e-15  1.47616e-15  1.00000e+00  7.00000e-01  1.00000e+00 -6.60547e-16
0484  4.42383e-01  3.00000e-01  2.00000e-01 -8.07833e-16  1.29769e-15  1.00000e+00  7.00000e-01  1.00000e+00 -7.55156e-16
0485  4.44336e-01  3.00000e-01  2.00000e-01 -3.25059e-16  2.02604e-15  1.00000e+00  7.00000e-01  1.00000e+00 -8.63151e-16
0486  4.46289e-01  3.00000e-01  2.00000e-01  1.08892e-16  2.74599e-15  1.00000e+00  7.00000e-01  1.00000e+00 -8.33863e-16
0487  4.48242e-01  3.00000e-01  2.00000e-01 -4.86945e-16  1.98978e-15  1.00000e+00  7.00000e-01  1.00000e+00 -6.83999e-16
0488  4.50195e-01  3.00000e-01  2.00000e-01 -9.86497e-16  1.58786e-15  1.00000e+00  7.00000e-01  1.00000e+00 -4.10237e-16
0489  4.52148e-01  3.00000e-01  2.00000e-01 -7.59029e-16  1.59625e-15  1.00000e+00  7.00000e-01  1.00000e+00 -2.76275e-16
0490  4.54102e-01  3.00000e-01  2.00000e-01 -9.08317e-16  1.77206e-15  1.00000e+00  7.00000e-01  1.00000e+00 -2.15987e-16
0491  4.56055e-01  3.00000e-01  2.00000e-01 -7.36719e-16  1.45669e-15  1.00000e+00  7.00000e-01  1.00000e+00 -1.95053e-16
0492  4.58008e-01  3.00000e-01  2.00000e-01 -9.20895e-16  1.27251e-15  1.00000e+00  7.00000e-01  1.00000e+00 -2.57856e-16
0493  4.59961e-01  3.00000e-01  2.00000e-01 -1.34647e-15  5.77701e-16  1.00000e+00  7.00000e-01  1.00000e+00 -3.10595e-16
0494  4.61914e-01  3.00000e-01  2.00000e-01 -1.77623e-15 -1.14423e-16  1.00000e+00  7.00000e-01  1.00000e+00 -4.44557e-16
0495  4.63867e-01  3.00000e-01  2.00000e-01 -1.53485e-15  1.92550e-16  1.00000e+00  7.00000e-01  1.00000e+00 -5.68454e-16
0496  4.65820e-01  3.00000e-01  2.00000e-01 -8.72081e-16  1.14971e-15  1.00000e+00  7.00000e-01  1.00000e+00 -4.76360e-16
0497  4.67773e-01  3.00000e-01  2.00000e-01 -1.56554e-15  2.98569e-16  1.00000e+00  7.00000e-01  1.00000e+00 -3.44914e-16
0498  4.69727e-01  3.00000e-01  2.00000e-01 -2.07902e-15  3.59948e-16  1.00000e+00  7.00000e-01  1.00000e+00 -1.10505e-16
0499  4.71680e-01  3.00000e-01  2.00000e-01 -6.79514e-16  2.27158e-15  1.00000e+00  7.00000e-01  1.00000e+00  1.59101e-17
0500  4.73633e-01  3.00000e-01  2.00000e-01 -5.60923e-16  2.65671e-15  1.00000e+00  7.00000e-01  1.00000e+00 -1.84106e-17
0501  4.75586e-01  3.00000e-01  2.00000e-01 -1.71619e-15  1.23625e-15  1.00000e+00  7.00000e-01  1.00000e+00 -1.33954e-16
0502  4.77539e-01  3.00000e-01  2.00000e-01 -6.36225e-16  1.82506e-15  1.00000e+00  7.00000e-01  1.00000e+00 -3.91813e-16
0503  4.79492e-01  3.00000e-01  2.00000e-01 -5.30212e-16  2.33299e-15  1.00000e+00  7.00000e-01  1.00000e+00 -4.26133e-16
0504  4.81445e-01  3.00000e-01  2.00000e-01 -8.59502e-16  1.77203e-15  1.00000e+00  7.00000e-01  1.00000e+00 -4.23617e-16
0505  4.83398e-01  3.00000e-01  2.00000e-01 -9.29280e-16  8.06490e-16  1.00000e+00  7.00000e-01  1.00000e+00 -3.65844e-16
0506  4.85352e-01  3.00000e-01  2.00000e-01 -1.75391e-15 -1.22813e-16  1.00000e+00  7.00000e-01  1.00000e+00 -3.42393e-16
0507  4.87305e-01  3.00000e-01  2.00000e-01 -1.22367e-15  8.06490e-16  1.00000e+00  7.00000e-01  1.00000e+00 -3.34038e-16
0508  4.89258e-01  3.00000e-01  2.00000e-01 -8.37183e-16  1.47345e-15  1.00000e+00  7.00000e-01  1.00000e+00 -3.31520e-16
0509  4.91211e-01  3.00000e-01  2.00000e-01 -1.11345e-15  6.75331e-16  1.00000e+00  7.00000e-01  1.00000e+00 -3.29003e-16
0510  4.93164e-01  3.00000e-01  2.00000e-01 -1.21108e-15  8.76285e-16  1.00000e+00  7.00000e-01  1.00000e+00 -2.31072e-16
0511  4.95117e-01  3.00000e-01  2.00000e-01 -1.43016e-15  2.37176e-16  1.00000e+00  7.00000e-01  1.00000e+00 -2.00074e-16
0512  4.97070e-01  3.00000e-01  2.00000e-01 -2.21437e-15 -6.75367e-16  1.00000e+00  7.00000e-01  1.00000e+00 -3.73387e-16
0513  4.99023e-01  3.00000e-01  2.00000e-01 -2.41668e-15 -7.20002e-16  1.00000e+00  7.00000e-01  1.00000e+00 -4.76350e-16
